date,open,high,low,close,volume,unadjustedVolume,change,changePercent,vwap,label,changeOverTime
2013-08-05,19.4507,19.4606,19.2142,19.4015,9464,9464,-0.039415,-0.203,19.3146,"Aug 5, 13",0
2013-08-06,19.2241,19.4606,19.1354,19.3029,4012,4012,-0.098534,-0.508,19.2391,"Aug 6, 13",-0.005082081282374949
2013-08-07,19.2832,19.4606,19.2142,19.4606,3164,3164,0.157655,0.817,19.3754,"Aug 7, 13",0.003046156225034189
2013-08-08,19.3029,19.4606,18.8103,19.4606,12239,12239,0,0,19.2647,"Aug 8, 13",0.003046156225034189
2013-08-09,19.3818,19.6576,19.3818,19.6576,915,915,0.197069,1.013,19.4746,"Aug 9, 13",0.013200010308481303
2013-08-12,19.6379,19.6971,19.5296,19.6774,615,615,0.019707,0.1,19.6293,"Aug 12, 13",0.014220549957477518
2013-08-13,19.6971,19.6971,19.4803,19.5394,497,497,-0.137948,-0.701,19.5759,"Aug 13, 13",0.0071076978584131085
2013-08-14,19.3029,19.5591,19.1945,19.2142,2952,2952,-0.325164,-1.664,19.3314,"Aug 14, 13",-0.009653892740251885
2013-08-15,19.165,19.4212,18.83,19.0566,10800,10800,-0.157656,-0.821,19.0728,"Aug 15, 13",-0.017776976007009723
2013-08-16,19.2044,19.2044,18.6723,19.1551,6937,6937,0.098535,0.517,18.9905,"Aug 16, 13",-0.012700048965286074
2013-08-19,19.3128,19.3128,19.0271,19.165,3815,3815,0.009854,0.051,19.1193,"Aug 19, 13",-0.012189779140788058
2013-08-20,19.1945,19.1945,19.0861,19.1945,529,529,0.02956,0.154,19.1655,"Aug 20, 13",-0.010669278148596613
2013-08-21,18.7543,19.3522,18.7019,19.1847,8670,8670,-0.009854,-0.051,19.0918,"Aug 21, 13",-0.011174393732443328
2013-08-22,19.2142,19.3325,18.9778,19.3128,3097,3097,0.128095,0.668,19.2128,"Aug 22, 13",-0.0045718114578769346
2013-08-23,19.362,19.5788,19.3522,19.3719,933,933,0.059121,0.306,19.431,"Aug 23, 13",-0.001525655232842745
2013-08-26,19.5985,19.5985,19.1256,19.1256,1923,1923,-0.246337,-1.272,19.3096,"Aug 26, 13",-0.014220549957477518
2013-08-27,19.2142,19.6084,19.2142,19.2142,4602,4602,0.088682,0.464,19.2806,"Aug 27, 13",-0.009653892740251885
2013-08-28,19.3128,19.4606,19.2142,19.3128,9825,9825,0.098534,0.513,19.3321,"Aug 28, 13",-0.0045718114578769346
2013-08-29,19.4409,19.5887,19.2142,19.3029,2000,2000,-0.009853,-0.051,19.4024,"Aug 29, 13",-0.005082081282374949
2013-08-30,18.5935,19.2832,18.1796,18.9975,4428,4428,-0.305457,-1.582,19.1591,"Aug 30, 13",-0.02082313223204391
2013-09-03,18.7216,18.7216,18.0102,18.1599,7099,7099,-0.837544,-4.409,18.4893,"Sep 3, 13",-0.06399505192897448
2013-09-04,18.2289,19.5197,18.2289,19.2142,6629,6629,1.0543,5.806,18.7387,"Sep 4, 13",-0.009653892740251885
2013-09-05,19.2635,19.7069,19.2142,19.2241,4117,4117,0.009853,0.051,19.4269,"Sep 5, 13",-0.009143622915753869
2013-09-06,19.4212,19.5394,19.2537,19.2537,1400,1400,0.029561,0.154,19.4113,"Sep 6, 13",-0.007617967682911123
2013-09-09,19.4409,19.5394,19.2242,19.3226,2371,2371,0.068973,0.358,19.334,"Sep 9, 13",-0.00406669587403022
2013-09-10,19.569,19.9533,19.4015,19.6576,6507,6507,0.335018,1.734,19.6862,"Sep 10, 13",0.013200010308481303
2013-09-11,19.904,19.904,18.9482,19.6084,3186,3186,-0.049266,-0.251,19.6856,"Sep 11, 13",0.010664123907945312
2013-09-12,19.5788,19.6773,19.3325,19.3325,917,917,-0.275897,-1.407,19.5793,"Sep 12, 13",-0.0035564260495322044
2013-09-13,19.3581,19.3581,19.3581,19.3581,123,123,0.025618,0.133,19.3581,"Sep 13, 13",-0.002236940442749186
2013-09-16,19.2339,19.362,18.7216,18.761,27305,27305,-0.59712,-3.085,18.9215,"Sep 16, 13",-0.033012911372831966
2013-09-17,18.7216,18.7216,17.9333,18.0318,37167,37167,-0.729155,-3.887,18.0987,"Sep 17, 13",-0.07059763420354087
2013-09-18,18.1008,18.1796,18.0318,18.1796,2079,2079,0.147802,0.82,18.0941,"Sep 18, 13",-0.06297966652062975
2013-09-19,18.1796,18.1796,18.0417,18.1304,2748,2748,-0.049268,-0.271,18.11,"Sep 19, 13",-0.06551555292116575
2013-09-20,18.1304,18.357,18.0318,18.0318,6153,6153,-0.098534,-0.543,18.1053,"Sep 20, 13",-0.07059763420354087
2013-09-23,18.9186,18.9876,18.2388,18.5639,1132,1132,0.532086,2.951,18.7371,"Sep 23, 13",-0.043171919696930565
2013-09-24,19.0369,19.0369,18.623,18.8694,1532,1532,0.305457,1.645,18.9118,"Sep 24, 13",-0.027425714506610306
2013-09-25,18.83,18.9186,18.4457,18.623,1049,1049,-0.246335,-1.305,18.6214,"Sep 25, 13",-0.04012576347189638
2013-09-26,18.4752,18.8004,18.4752,18.5541,4888,4888,-0.068975,-0.37,18.7079,"Sep 26, 13",-0.04367703528077728
2013-09-27,18.8792,18.8792,18.4654,18.7216,3280,3280,0.167509,0.903,18.6708,"Sep 27, 13",-0.035043682189521426
2013-09-30,18.0417,18.1304,18.0318,18.1304,2935,2935,-0.591208,-3.158,18.0434,"Sep 30, 13",-0.06551555292116575
2013-10-01,18.6624,18.692,18.0811,18.0811,723,723,-0.049267,-0.272,18.5186,"Oct 1, 13",-0.0680565935623534
2013-10-02,18.3274,18.7708,18.1304,18.7708,1215,1215,0.689742,3.815,18.4406,"Oct 2, 13",-0.03250779578898526
2013-10-03,18.4752,18.4752,18.4752,18.4752,111,111,-0.295604,-1.575,18.4752,"Oct 3, 13",-0.047743731154807505
2013-10-04,18.3274,18.7117,18.1501,18.1796,4407,4407,-0.295603,-1.6,18.4842,"Oct 4, 13",-0.06297966652062975
2013-10-07,18.0614,18.6822,18.0318,18.288,2910,2910,0.108388,0.596,18.3026,"Oct 7, 13",-0.057392469654408085
2013-10-08,18.0318,18.6033,18.0318,18.1402,3298,3298,-0.147803,-0.808,18.2147,"Oct 8, 13",-0.0650104373373192
2013-10-09,18.3176,19.3128,18.1895,19.0073,3921,3921,0.867105,4.78,18.6937,"Oct 9, 13",-0.020318016648197195
2013-10-10,19.4113,19.4113,18.7314,18.9679,4302,4302,-0.039413,-0.207,19.0502,"Oct 10, 13",-0.022348787464886655
2013-10-11,18.7375,19.3325,18.7314,18.7314,3617,3617,-0.236484,-1.247,18.9935,"Oct 11, 13",-0.03453856660567471
2013-10-14,19.0664,19.3719,18.964,18.9778,1417,1417,0.246337,1.315,19.0619,"Oct 14, 13",-0.02183851764038864
2013-10-15,18.9679,19.2832,18.7905,19.2832,2467,2467,0.305457,1.61,19.102,"Oct 15, 13",-0.0060974666907196795
2013-10-16,19.2142,19.2142,18.894,19.2142,1784,1784,-0.068974,-0.358,19.0998,"Oct 16, 13",-0.009653892740251885
2013-10-17,19.0172,19.2931,18.8201,19.2931,9148,9148,0.078827,0.41,19.1236,"Oct 17, 13",-0.005587196866221664
2013-10-18,19.4113,19.4113,18.8103,19.3818,2085,2085,0.088681,0.46,19.2444,"Oct 18, 13",-0.0010153854083447297
2013-10-21,19.2044,19.4113,19.1039,19.2931,540,540,-0.088681,-0.458,19.2405,"Oct 21, 13",-0.005587196866221664
2013-10-22,18.7807,19.8547,18.7807,19.7857,3910,3910,0.492673,2.554,19.3829,"Oct 22, 13",0.019802592583047698
2013-10-23,19.441,19.9533,19.441,19.9533,1047,1047,0.167509,0.847,19.8191,"Oct 23, 13",0.028441099914955036
2013-10-24,19.9533,20.5543,19.3128,20.5543,12798,12798,0.601061,3.012,19.7953,"Oct 24, 13",0.05941808623044624
2013-10-25,20.5937,22.4659,19.8055,22.1703,25739,25739,1.616,7.862,21.135,"Oct 25, 13",0.14271061515862188
2013-10-28,22.0717,22.1013,21.0963,21.7564,4301,4301,-0.413846,-1.867,21.6417,"Oct 28, 13",0.12137721310207977
2013-10-29,21.6973,21.6973,21.6973,21.6973,100,100,-0.059121,-0.272,21.6973,"Oct 29, 13",0.11833105687704559
2013-10-30,22.121,22.2984,21.7761,22.2984,3949,3949,0.601061,2.77,22.0355,"Oct 30, 13",0.14931319743318827
2013-10-31,22.3181,22.4166,21.5101,21.855,9998,9998,-0.443406,-1.989,21.9608,"Oct 31, 13",0.1264592943844549
2013-11-01,21.3943,22.3575,21.3943,21.8451,1002,1002,-0.009853,-0.045,21.9528,"Nov 1, 13",0.1259490245599567
2013-11-04,21.7072,22.4068,21.2736,22.2294,2698,2698,0.384285,1.759,22.6884,"Nov 4, 13",0.1457567713836559
2013-11-05,21.9809,22.6072,21.9809,22.5199,911,911,0.290487,1.307,22.3542,"Nov 5, 13",0.1607298404762519
2013-11-07,22.4879,22.4879,21.5335,21.5832,8480,8480,-0.936696,-4.159,21.6559,"Nov 7, 13",0.11245006829368878
2013-11-08,21.8317,22.1002,21.275,21.8715,21297,21297,0.288306,1.336,21.6505,"Nov 8, 13",0.12730974409195178
2013-11-11,21.5733,22.5376,21.5733,22.289,712,712,0.417547,1.909,21.995,"Nov 11, 13",0.14882869881194769
2013-11-13,22.289,22.5475,21.6231,21.8914,910,910,-0.397664,-1.784,22.0001,"Nov 13, 13",0.1283354379815995
2013-11-14,21.8715,21.8715,21.6627,21.7867,450,450,-0.104685,-0.478,21.7968,"Nov 14, 13",0.12293894801948309
2013-11-15,22.3189,22.5873,22.3189,22.468,1815,1815,0.681297,3.127,22.4684,"Nov 15, 13",0.1580547895781255
2013-11-18,22.468,22.5575,21.623,22.1697,1209,1209,-0.298247,-1.327,22.0846,"Nov 18, 13",0.1426796897147128
2013-11-19,21.782,22.5475,21.782,21.8716,1044,1044,-0.298149,-1.345,22.1124,"Nov 19, 13",0.12731489833260326
2013-11-20,21.6528,22.289,21.623,22.1499,6920,6920,0.278266,1.272,21.9462,"Nov 20, 13",0.14165915006571658
2013-11-21,21.8099,22.3785,21.6627,21.9013,3428,3428,-0.24854,-1.122,22.0434,"Nov 21, 13",0.1288457078060975
2013-11-22,21.9411,22.468,21.8715,22.2274,2268,2268,0.326084,1.489,22.0499,"Nov 22, 13",0.14565368657062602
2013-11-25,22.5078,22.6171,22.468,22.6171,500,500,0.38971,1.753,22.5575,"Nov 25, 13",0.16573976238950608
2013-11-26,22.468,22.468,21.7423,22.0803,3740,3740,-0.536846,-2.374,22.0021,"Nov 26, 13",0.13807179857227547
2013-11-27,22.1499,25.5618,22.1101,24.3072,26538,26538,2.2269,10.086,24.1372,"Nov 27, 13",0.25285158364044036
2013-11-29,24.0686,24.854,24.0686,24.854,6885,6885,0.546787,2.249,24.6334,"Nov 29, 13",0.2810349715228205
2013-12-02,24.854,27.3294,24.8043,26.9616,58332,58332,2.1076,8.48,26.2237,"Dec 2, 13",0.3896657474937506
2013-12-03,27.24,27.24,25.8884,26.2657,7282,7282,-0.695911,-2.581,26.6721,"Dec 3, 13",0.35379738679998973
2013-12-04,26.2657,26.3054,25.6892,25.7885,6886,6886,-0.477197,-1.817,26.0396,"Dec 4, 13",0.32920135041105075
2013-12-05,26.1066,26.2707,25.6592,25.6891,3905,3905,-0.099415,-0.386,25.8656,"Dec 5, 13",0.32407803520346373
2013-12-06,25.699,26.3452,25.5598,26.3452,3562,3562,0.656145,2.554,25.8512,"Dec 6, 13",0.357895008117929
2013-12-09,25.9575,26.2457,25.8481,26.037,2196,2196,-0.30819,-1.17,26.0508,"Dec 9, 13",0.34200963843001836
2013-12-10,25.6195,25.8481,25.5698,25.5698,4874,4874,-0.467255,-1.795,25.6976,"Dec 10, 13",0.31792902610622903
2013-12-11,25.6095,25.6095,24.8739,25.5996,10184,10184,0.029825,0.117,25.0966,"Dec 11, 13",0.31946498982037475
2013-12-12,25.2417,25.5897,23.8996,24.3967,11261,11261,-1.2029,-4.699,24.8098,"Dec 12, 13",0.2574646290235292
2013-12-13,24.1978,25.3809,24.1978,25.2616,8611,8611,0.864918,3.545,24.4857,"Dec 13, 13",0.3020436564183183
2013-12-16,25.8481,26.3452,25.6791,26.1464,6356,6356,0.884802,3.503,25.978,"Dec 16, 13",0.34764837770275503
2013-12-17,25.868,26.2856,25.7587,25.8481,6825,6825,-0.298248,-1.141,25.834,"Dec 17, 13",0.33227327783934235
2013-12-18,24.2366,25.8481,24.2078,25.2516,6778,6778,-0.596495,-2.308,24.9929,"Dec 18, 13",0.30152823235316867
2013-12-19,25.6294,26.2855,25.1532,26.216,4715,4715,0.964334,3.819,25.6194,"Dec 19, 13",0.35123572919619633
2013-12-20,25.5996,26.2458,24.9932,25.7587,2134,2134,-0.457313,-1.744,25.7829,"Dec 20, 13",0.32766538669690504
2013-12-23,25.7785,27.3294,25.4008,26.6932,9631,9631,0.934509,3.628,26.5705,"Dec 23, 13",0.3758317655851353
2013-12-24,26.8423,26.8433,26.6932,26.7031,2000,2000,0.009942,0.037,26.7676,"Dec 24, 13",0.37634203540963335
2013-12-26,27.23,27.3394,26.8612,27.1405,4040,4040,0.43743,1.638,27.1726,"Dec 26, 13",0.3988866840192769
2013-12-27,27.24,28.7809,27.0371,27.5382,15372,15372,0.397663,1.465,27.9835,"Dec 27, 13",0.4193850990902766
2013-12-30,27.8365,28.1248,27.6575,27.6575,4188,4188,0.119299,0.433,27.9435,"Dec 30, 13",0.4255341081875113
2013-12-31,27.8862,28.0353,27.5879,27.906,3913,3913,0.24854,0.899,27.804,"Dec 31, 13",0.4383423962064789
2014-01-02,28.3027,28.3236,27.9756,27.9856,4253,4253,0.079533,0.285,28.2071,"Jan 2, 14",0.44244517176506987
2014-01-03,28.3136,28.3136,27.906,28.248,742,742,0.262458,0.938,28.1805,"Jan 3, 14",0.4559698992345954
2014-01-06,28.3335,28.7014,28.3335,28.7014,2080,2080,0.453336,1.605,28.6041,"Jan 6, 14",0.4793392263484783
2014-01-07,28.6318,28.7431,28.1248,28.7213,6957,6957,0.019884,0.069,28.4633,"Jan 7, 14",0.480364920238126
2014-01-08,28.3335,30.811,28.2441,30.2721,13614,13614,1.5509,5.4,29.256,"Jan 8, 14",0.5602968842615262
2014-01-09,30.4312,30.461,29.3365,30.2224,7821,7821,-0.049708,-0.164,30.0922,"Jan 9, 14",0.5577352266577328
2014-01-10,29.9242,31.1097,29.3973,30.8687,8957,8957,0.646302,2.138,30.5036,"Jan 10, 14",0.5910470839883516
2014-01-13,31.2365,32.8072,31.2265,31.4353,9920,9920,0.566572,1.835,31.8531,"Jan 13, 14",0.6202510115197281
2014-01-14,31.7833,34.5967,31.7833,34.0499,21083,21083,2.6146,8.318,33.7449,"Jan 14, 14",0.7550137875937429
2014-01-15,34.5073,36.0481,34.5073,34.9944,10295,10295,0.944451,2.774,35.2523,"Jan 15, 14",0.8036955905471227
2014-01-16,34.0231,35.3424,34.0231,35.2628,1954,1954,0.268423,0.767,35.0671,"Jan 16, 14",0.817529572455738
2014-01-17,35.7698,35.7698,33.7318,33.7318,23096,23096,-1.531,-4.342,34.7646,"Jan 17, 14",0.7386181480813341
2014-01-21,34.1891,34.2388,32.9375,33.9008,11423,11423,0.169007,0.501,33.6165,"Jan 21, 14",0.7473288147823621
2014-01-22,33.9406,33.9505,33.0682,33.702,8473,8473,-0.198832,-0.587,33.3892,"Jan 22, 14",0.7370821843671881
2014-01-23,32.4096,33.7219,32.3102,33.3342,12609,12609,-0.367839,-1.091,32.9739,"Jan 23, 14",0.718124887250986
2014-01-24,32.9067,32.9067,30.1319,32.8072,17752,17752,-0.526904,-1.581,31.7261,"Jan 24, 14",0.6909620390176019
2014-01-27,32.5289,32.8072,30.9183,32.0716,8564,8564,-0.735678,-2.242,32.288,"Jan 27, 14",0.6530474447851969
2014-01-28,30.0634,31.4552,30.0634,30.9382,2913,2913,-1.1333,-3.534,30.8575,"Jan 28, 14",0.5946292812411412
2014-01-29,30.5903,31.7037,30.5903,30.8189,2233,2233,-0.119299,-0.386,30.7856,"Jan 29, 14",0.5884802721439065
2014-01-30,30.8488,31.0178,30.2224,30.6499,4596,4596,-0.169007,-0.548,30.5499,"Jan 30, 14",0.5797696054428781
2014-01-31,30.1628,31.7137,29.3277,29.5563,4193,4193,-1.0936,-3.568,29.9228,"Jan 31, 14",0.5234028296781178
2014-02-03,29.1189,29.6061,26.7647,27.3692,30709,30709,-2.1871,-7.4,27.6735,"Feb 3, 14",0.41067443238924833
2014-02-04,27.3195,28.5324,26.723,28.5324,6442,6442,1.1632,4.25,27.5139,"Feb 4, 14",0.47062855964745
2014-02-05,28.0154,28.8207,26.9517,27.24,4015,4015,-1.2924,-4.53,27.7912,"Feb 5, 14",0.40401515346751543
2014-02-06,27.4288,27.6873,26.8522,26.8522,2729,2729,-0.387722,-1.423,27.2058,"Feb 6, 14",0.38402700822101393
2014-02-07,26.7628,27.602,26.7231,27.4984,6471,6471,0.646203,2.407,27.1004,"Feb 7, 14",0.41733371131098124
2014-02-10,27.0809,27.4686,26.3452,26.3452,20380,20380,-1.1532,-4.194,27.0237,"Feb 10, 14",0.357895008117929
2014-02-11,26.3949,26.3949,25.2914,26.1364,6381,6381,-0.208774,-0.792,25.8229,"Feb 11, 14",0.3471329536376053
2014-02-12,25.5897,27.4984,25.5399,27.2499,4626,4626,1.1135,4.26,26.4787,"Feb 12, 14",0.40452542329201363
2014-02-13,27.0511,27.3394,26.0071,26.7826,4024,4024,-0.467255,-1.715,26.6956,"Feb 13, 14",0.38043965672757263
2014-02-14,26.1464,27.0709,26.1464,27.0709,2309,2309,0.288307,1.076,26.6522,"Feb 14, 14",0.3952993325258358
2014-02-18,26.6932,26.9417,26.4446,26.8324,4431,4431,-0.238599,-0.881,26.7768,"Feb 18, 14",0.3830064685720177
2014-02-19,26.0967,26.7528,26.0967,26.216,5725,5725,-0.616378,-2.297,26.4524,"Feb 19, 14",0.35123572919619633
2014-02-20,26.3452,26.4148,25.9475,26.0569,2522,2522,-0.159066,-0.607,26.1697,"Feb 20, 14",0.34303533231966604
2014-02-21,25.8084,26.4049,25.8084,26.0967,2726,2726,0.039767,0.153,26.0487,"Feb 21, 14",0.3450867200989614
2014-02-24,26.037,26.2259,25.2218,25.868,3096,3096,-0.228657,-0.876,25.7313,"Feb 24, 14",0.33329897172899003
2014-02-25,25.6294,26.8125,25.5897,26.047,5144,5144,0.178949,0.692,26.2519,"Feb 25, 14",0.342525062495168
2014-02-26,25.6493,26.7926,25.6493,26.3253,38928,38928,0.278364,1.069,26.3527,"Feb 26, 14",0.35686931422828133
2014-02-27,26.3452,26.544,25.7288,26.1265,31733,31733,-0.198831,-0.755,26.286,"Feb 27, 14",0.34662268381310735
2014-02-28,26.2856,26.544,25.7189,26.3452,34517,34517,0.218715,0.837,26.3422,"Feb 28, 14",0.357895008117929
2014-03-03,26.7131,27.4786,26.3949,27.4487,4462,4462,1.1035,4.189,27.1539,"Mar 3, 14",0.4147720537071876
2014-03-04,27.906,28.2141,26.9119,27.5382,3766,3766,0.089474,0.326,27.6971,"Mar 4, 14",0.4193850990902766
2014-03-05,27.5382,28.3335,27.5382,27.8166,8852,8852,0.278365,1.011,27.6049,"Mar 5, 14",0.4337345050640416
2014-03-06,28.1049,28.5821,27.7669,28.5821,3615,3615,0.765502,2.752,28.2018,"Mar 6, 14",0.4731902172512436
2014-03-07,28.4131,29.785,28.2441,28.2441,8021,8021,-0.338014,-1.183,29.0273,"Mar 7, 14",0.455768883849187
2014-03-10,28.2639,28.93,27.5581,27.5581,9274,9274,-0.68597,-2.429,28.4324,"Mar 10, 14",0.4204107929799243
2014-03-11,28.1148,28.3435,28.085,28.085,8218,8218,0.526905,1.912,28.2741,"Mar 11, 14",0.4475684869726569
2014-03-12,28.2938,29.6259,28.2341,28.7312,6382,6382,0.646203,2.301,28.7718,"Mar 12, 14",0.4808751900626242
2014-03-13,29.0294,29.0294,28.3335,28.4329,5122,5122,-0.298248,-1.038,28.4541,"Mar 13, 14",0.4655000901992115
2014-03-14,27.8762,29.097,27.8762,28.3335,2336,2336,-0.099415,-0.35,28.5257,"Mar 14, 14",0.4603767749916245
2014-03-17,28.4429,29.0126,28.3335,28.3335,1930,1930,0,0,28.4823,"Mar 17, 14",0.4603767749916245
2014-03-18,28.3236,28.7312,28.3236,28.4329,2059,2059,0.099415,0.351,28.4595,"Mar 18, 14",0.4655000901992115
2014-03-19,28.254,29.0293,27.5283,28.3236,7305,7305,-0.109357,-0.385,28.2042,"Mar 19, 14",0.4598665051671263
2014-03-20,28.602,28.8306,28.4429,28.4429,1712,1712,0.119299,0.421,28.5983,"Mar 20, 14",0.46601551426436116
2014-03-21,28.254,29.0294,27.5979,29.0294,12541,12541,0.586554,2.062,28.1874,"Mar 21, 14",0.4962451356853852
2014-03-24,29.0792,29.2283,28.8704,29.0792,1507,1507,0.049708,0.171,29.077,"Mar 24, 14",0.49881194752983027
2014-03-25,29.1289,29.5166,28.4031,28.8306,6260,6260,-0.24854,-0.855,28.8273,"Mar 25, 14",0.4859985052702112
2014-03-26,29.5762,29.8049,29.3278,29.4768,2813,2813,0.646203,2.241,29.5033,"Mar 26, 14",0.5193052083601785
2014-03-27,30.5007,30.5008,28.8604,29.4271,2174,2174,-0.049708,-0.169,29.7501,"Mar 27, 14",0.5167435507563849
2014-03-28,30.2622,30.3219,29.8248,29.8447,2402,2402,0.417547,1.419,30.0904,"Mar 28, 14",0.5382676597170323
2014-03-31,30.3914,30.7316,29.2879,30.3517,4232,4232,0.507021,1.699,30.4586,"Mar 31, 14",0.5643996598201172
2014-04-01,30.5107,31.7931,30.5107,30.8885,5072,5072,0.536846,1.769,30.8764,"Apr 1, 14",0.5920676236373478
2014-04-02,31.316,31.7932,31.316,31.3856,2005,2005,0.49708,1.609,31.6126,"Apr 2, 14",0.6176893539159345
2014-04-03,31.2166,31.7633,31.2166,31.7554,1394,1394,0.369827,1.178,31.5622,"Apr 3, 14",0.6367497358451668
2014-04-04,31.8131,32.8072,31.4353,32.509,3589,3589,0.753572,2.373,32.219,"Apr 4, 14",0.6755920933948407
2014-04-07,31.8628,33.5131,31.8628,33.5131,6060,6060,1.0041,3.089,32.5841,"Apr 7, 14",0.7273458237765124
2014-04-08,32.8967,33.0757,32.3002,33.0757,3897,3897,-0.43743,-1.305,32.7287,"Apr 8, 14",0.7048011751668686
2014-04-09,32.4991,34.1593,32.4991,34.1593,4823,4823,1.0836,3.276,33.5561,"Apr 9, 14",0.7606525268664797
2014-04-10,34.895,36.7839,33.7716,34.7956,29475,29475,0.636262,1.863,35.0108,"Apr 10, 14",0.7934489601319487
2014-04-11,33.7915,35.7326,33.7915,34.1991,1468,1468,-0.596495,-1.714,34.5214,"Apr 11, 14",0.762703914645775
2014-04-14,33.5429,35.8195,33.5429,34.7956,7873,7873,0.596495,1.744,34.8383,"Apr 14, 14",0.7934489601319487
2014-04-15,34.7956,35.7599,33.5926,34.3979,3960,3960,-0.397664,-1.143,34.3823,"Apr 15, 14",0.7729505450609491
2014-04-16,34.8254,35.5909,32.9763,33.8014,9482,9482,-0.596495,-1.734,34.24,"Apr 16, 14",0.7422054995747753
2014-04-17,33.8014,33.8014,33.1055,33.8014,2155,2155,0,0,33.536,"Apr 17, 14",0.7422054995747753
2014-04-21,33.8014,33.8014,33.1254,33.7418,5473,5473,-0.05965,-0.176,33.4935,"Apr 21, 14",0.7391335721464836
2014-04-22,32.8967,33.6026,32.4096,33.3839,2306,2306,-0.357897,-1.061,33.1116,"Apr 22, 14",0.7206865448547792
2014-04-23,33.5628,33.8014,32.6283,33.7219,3557,3557,0.338014,1.013,33.437,"Apr 23, 14",0.7381078782568359
2014-04-24,33.1154,33.8014,33.0767,33.0856,4772,4772,-0.636261,-1.887,33.3879,"Apr 24, 14",0.7053114449913668
2014-04-25,31.654,33.702,31.654,32.7078,1998,1998,-0.377781,-1.142,32.8823,"Apr 25, 14",0.6858387238100148
2014-04-28,33.0757,33.8014,32.6283,33.8014,3113,3113,1.0936,3.343,33.2335,"Apr 28, 14",0.7422054995747753
2014-04-29,33.195,34.2488,32.7078,32.7078,1596,1596,-1.0936,-3.235,33.2942,"Apr 29, 14",0.6858387238100148
2014-04-30,32.0119,33.5032,32.0119,32.6581,2598,2598,-0.049708,-0.152,32.7927,"Apr 30, 14",0.6832770662062212
2014-05-01,32.2903,32.8271,31.823,32.8271,3288,3288,0.169007,0.518,32.4595,"May 1, 14",0.6919877329072497
2014-05-02,33.2546,33.3043,32.2605,32.7675,2144,2144,-0.059649,-0.182,32.8426,"May 2, 14",0.6889158054789578
2014-05-05,32.8072,33.4455,32.4891,32.8122,2814,2814,0.044737,0.137,32.8029,"May 5, 14",0.6912197510501765
2014-05-06,31.8131,31.8131,30.5505,31.5645,2479,2479,-1.2477,-3.802,31.3519,"May 6, 14",0.6269102904414607
2014-05-07,32.1909,32.7874,31.6143,31.9125,1956,1956,0.347956,1.102,32.0772,"May 7, 14",0.6448470479086671
2014-05-08,32.3996,33.2149,30.9879,30.9879,5449,5449,-0.924568,-2.897,32.0503,"May 8, 14",0.5971909388449348
2014-05-09,30.3219,31.7534,29.9341,30.4809,3880,3880,-0.507021,-1.636,30.8631,"May 9, 14",0.5710589387418499
2014-05-12,30.2224,31.2464,30.123,31.2365,5785,5785,0.755561,2.479,30.6899,"May 12, 14",0.6100043811045539
2014-05-13,31.6043,31.6043,30.1628,31.1172,5691,5691,-0.119299,-0.382,30.9118,"May 13, 14",0.6038553720073192
2014-05-14,30.8488,31.1768,29.9242,30.7195,5466,5466,-0.397664,-1.278,30.527,"May 14, 14",0.5833569569363195
2014-05-15,30.5207,30.5604,29.6259,30.2224,2452,2452,-0.497079,-1.618,30.1425,"May 15, 14",0.5577352266577328
2014-05-16,29.7254,30.809,29.1587,30.6201,7244,7244,0.397663,1.316,30.143,"May 16, 14",0.5782336417287325
2014-05-19,30.0236,31.0968,30.0236,30.8885,6815,6815,0.268423,0.877,30.845,"May 19, 14",0.5920676236373478
2014-05-20,30.9183,31.0376,30.5008,30.8786,8546,8546,-0.009941,-0.032,30.7902,"May 20, 14",0.5915573538128496
2014-05-21,31.0675,31.3657,30.8189,31.1172,18514,18514,0.238598,0.773,31.0402,"May 21, 14",0.6038553720073192
2014-05-22,31.4154,31.7634,30.5505,30.6002,3345,3345,-0.516963,-1.661,31.1219,"May 22, 14",0.5772079478390848
2014-05-23,31.0575,31.7534,30.7195,31.3856,3588,3588,0.785386,2.567,31.2946,"May 23, 14",0.6176893539159345
2014-05-27,31.7236,32.3102,31.1172,31.8131,6235,6235,0.427488,1.362,31.4833,"May 27, 14",0.6397237327010799
2014-05-28,32.6681,32.6681,31.1271,31.4055,6253,6253,-0.407605,-1.281,31.5225,"May 28, 14",0.6187150478055822
2014-05-29,31.4452,31.6043,30.8189,31.1271,3848,3848,-0.278365,-0.886,31.2487,"May 29, 14",0.6043656418318172
2014-05-30,31.1768,32.6979,30.5207,31.7435,5907,5907,0.616379,1.98,31.723,"May 30, 14",0.6361363812076387
2014-06-02,32.1014,32.3698,31.4055,32.0119,3325,3325,0.268423,0.846,32.0491,"Jun 2, 14",0.6499703631162539
2014-06-03,31.4055,32.8072,31.3458,32.5885,5425,5425,0.576612,1.801,32.5812,"Jun 3, 14",0.6796897147127803
2014-06-04,32.002,34.5868,32.002,33.8014,8398,8398,1.2129,3.722,34.0011,"Jun 4, 14",0.7422054995747753
2014-06-05,34.2388,35.7797,34.0997,35.6108,7435,7435,1.8094,5.353,35.1246,"Jun 5, 14",0.8354663299229441
2014-06-06,35.0938,35.8394,34.8353,35.4318,6479,6479,-0.178948,-0.503,35.4857,"Jun 6, 14",0.8262402391567665
2014-06-09,35.0938,35.8891,35.0938,35.5611,7703,7703,0.12924,0.365,35.7205,"Jun 9, 14",0.8329046723191509
2014-06-10,35.9886,35.9886,35.094,35.5511,2771,2771,-0.009941,-0.028,35.6557,"Jun 10, 14",0.832389248254001
2014-06-11,34.6862,35.0739,34.3283,35.0739,1685,1685,-0.477196,-1.342,34.7774,"Jun 11, 14",0.8077932118650623
2014-06-12,34.7856,35.581,33.9555,35.1336,6757,6757,0.059649,0.17,34.5945,"Jun 12, 14",0.8108702935340053
2014-06-13,34.378,35.1455,34.1295,34.7956,6828,6828,-0.338014,-0.962,34.5704,"Jun 13, 14",0.7934489601319487
2014-06-16,34.9944,35.3225,33.9406,34.8154,18361,18361,0.019883,0.057,34.7496,"Jun 16, 14",0.7944694997809447
2014-06-17,34.0102,35.6307,33.8412,34.5967,14674,14674,-0.218715,-0.628,34.5861,"Jun 17, 14",0.783197175476123
2014-06-18,33.3143,35.2588,33.3143,34.5967,15275,15275,0,0,34.4698,"Jun 18, 14",0.783197175476123
2014-06-19,34.219,34.7855,33.1254,33.9704,15378,15378,-0.62632,-1.81,33.9299,"Jun 19, 14",0.7509161662758035
2014-06-20,34.1593,34.547,33.1651,34.547,21830,21830,0.576612,1.697,34.3808,"Jun 20, 14",0.7806355178723294
2014-06-23,34.6464,34.7459,34.0301,34.547,14686,14686,0,0,34.5148,"Jun 23, 14",0.7806355178723294
2014-06-24,34.716,35.8891,34.4377,35.0441,18826,18826,0.49708,1.439,35.0511,"Jun 24, 14",0.8062572481509163
2014-06-25,34.0698,35.7897,34.0698,35.233,12754,12754,0.18889,0.539,35.3061,"Jun 25, 14",0.8159936087415921
2014-06-26,35.581,35.581,34.4774,34.9149,18386,18386,-0.318131,-0.903,34.7205,"Jun 26, 14",0.7995979692291836
2014-06-27,34.5967,35.2926,32.7675,32.7675,189568,189568,-2.1474,-6.15,35.786,"Jun 27, 14",0.6889158054789578
2014-06-30,33.0956,33.2944,30.471,31.0178,50386,50386,-1.7497,-5.34,31.631,"Jun 30, 14",0.5987320567997322
2014-07-01,31.0874,32.2704,31.0476,32.0318,27835,27835,1.014,3.269,31.9109,"Jul 1, 14",0.6509960570059016
2014-07-02,31.5944,32.6084,31.4154,32.1312,29042,29042,0.099416,0.31,32.0666,"Jul 2, 14",0.6561193722134887
2014-07-03,32.2605,32.5487,31.9722,31.9722,2753,2753,-0.159066,-0.495,32.1796,"Jul 3, 14",0.6479241295776101
2014-07-07,32.1113,32.5786,31.2365,31.7435,12106,12106,-0.228656,-0.715,31.9758,"Jul 7, 14",0.6361363812076387
2014-07-08,31.5347,32.6084,30.461,30.9482,18971,18971,-0.795327,-2.505,31.0076,"Jul 8, 14",0.5951447053062908
2014-07-09,31.1768,31.3259,30.6897,30.7891,5766,5766,-0.159066,-0.514,30.9362,"Jul 9, 14",0.5869443084297608
2014-07-10,30.6499,31.2067,30.2125,30.6201,9115,9115,-0.169007,-0.549,30.7646,"Jul 10, 14",0.5782336417287325
2014-07-11,30.8885,31.8031,30.5406,30.5406,5581,5581,-0.079533,-0.26,31.1653,"Jul 11, 14",0.5741360204107931
2014-07-14,30.2622,31.7733,30.2622,31.1271,7036,7036,0.586554,1.921,31.1763,"Jul 14, 14",0.6043656418318172
2014-07-15,31.2067,31.7634,31.2067,31.4154,5002,5002,0.288306,0.926,31.5152,"Jul 15, 14",0.6192253176300804
2014-07-16,31.4254,31.4353,30.8388,30.8686,5261,5261,-0.546787,-1.741,31.0386,"Jul 16, 14",0.5910419297477001
2014-07-17,30.7891,31.1768,30.6599,30.9283,4358,4358,0.059649,0.193,30.9143,"Jul 17, 14",0.5941190114166431
2014-07-18,30.6996,31.0178,30.3219,30.9581,7709,7709,0.029825,0.096,30.7806,"Jul 18, 14",0.595654975130789
2014-07-21,30.7593,31.4353,30.471,30.6002,6355,6355,-0.357897,-1.156,30.8533,"Jul 21, 14",0.5772079478390848
2014-07-22,30.8686,31.4055,30.7891,31.3657,3558,3558,0.765502,2.502,31.211,"Jul 22, 14",0.6166636600262868
2014-07-23,31.2265,32.0516,31.2166,31.6242,5270,5270,0.258482,0.824,31.6452,"Jul 23, 14",0.6299873721104039
2014-07-24,32.0517,32.0517,30.5803,31.1967,2834,2834,-0.427489,-1.352,31.2876,"Jul 24, 14",0.6079529933252584
2014-07-25,31.3657,31.7534,30.4113,30.7792,6421,6421,-0.417546,-1.338,31.0653,"Jul 25, 14",0.5864340386052626
2014-07-28,30.9879,31.6739,30.1528,30.3318,6710,6710,-0.447372,-1.453,30.372,"Jul 28, 14",0.5633739659304695
2014-07-29,30.3219,30.4511,29.9142,30.1827,4064,4064,-0.149124,-0.492,30.1874,"Jul 29, 14",0.5556889931190888
2014-07-30,29.8944,30.0335,28.94,29.4072,5936,5936,-0.775444,-2.569,29.2895,"Jul 30, 14",0.5157178568667372
2014-07-31,28.8306,29.268,27.4885,27.8265,9137,9137,-1.5807,-5.375,28.203,"Jul 31, 14",0.43424477488853963
2014-08-01,28.7912,28.7912,26.4943,27.0908,7325,7325,-0.735677,-2.644,26.9947,"Aug 1, 14",0.3963250264154835
2014-08-04,26.4547,27.7966,26.4547,26.9616,6890,6890,-0.129241,-0.477,27.0103,"Aug 4, 14",0.3896657474937506
2014-08-05,27.3891,27.399,26.2856,27.3593,3049,3049,0.397664,1.475,27.1893,"Aug 5, 14",0.4101641625647503
2014-08-06,27.24,27.7271,26.4347,27.568,2960,2960,0.208773,0.763,27.4499,"Aug 6, 14",0.4209210628044225
2014-08-07,27.2698,28.6318,27.2698,28.1943,2236,2236,0.62632,2.272,27.9774,"Aug 7, 14",0.45320207200474194
2014-08-08,27.8961,28.5821,27.0908,28.3733,11640,11640,0.178949,0.635,27.7039,"Aug 8, 14",0.4624281627709199
2014-08-11,28.1943,28.4528,28.0452,28.4429,3716,3716,0.069591,0.245,28.24,"Aug 11, 14",0.46601551426436116
2014-08-12,29.7552,29.7552,27.8464,27.8563,2028,2028,-0.586554,-2.062,28.2098,"Aug 12, 14",0.4357807386026855
2014-08-13,27.3593,27.9558,26.9517,27.5283,5691,5691,-0.328072,-1.178,27.4526,"Aug 13, 14",0.4188748292657786
2014-08-14,27.3394,27.3394,27.2897,27.2897,1154,1154,-0.238598,-0.867,27.3098,"Aug 14, 14",0.406576811071309
2014-08-15,27.5979,27.5979,26.6832,26.6832,6397,6397,-0.606437,-2.222,27.1403,"Aug 15, 14",0.3753163415199856
2014-08-18,26.9815,27.4984,26.375,27.4587,2481,2481,0.775444,2.906,26.9825,"Aug 18, 14",0.4152874777723373
2014-08-19,27.4686,28.2838,27.0113,27.6476,4243,4243,0.18889,0.688,27.5793,"Aug 19, 14",0.42502383836301333
2014-08-20,27.4189,27.4587,27.1804,27.4587,1174,1174,-0.18889,-0.683,27.3635,"Aug 20, 14",0.4152874777723373
2014-08-21,27.6766,27.6766,27.0113,27.0113,1366,1366,-0.447372,-1.629,27.348,"Aug 21, 14",0.392227405097544
2014-08-22,26.9218,27.1207,26.9218,27.1207,1519,1519,0.109358,0.405,27.0666,"Aug 22, 14",0.3978661443702807
2014-08-25,28.2639,28.2639,27.1306,27.7569,2078,2078,0.636261,2.346,27.5992,"Aug 25, 14",0.4306574233950985
2014-08-26,27.7569,28.2441,27.737,28.2441,3983,3983,0.487138,1.755,28.0325,"Aug 26, 14",0.455768883849187
2014-08-27,27.4487,27.4487,27.399,27.399,725,725,-0.845035,-2.992,27.4163,"Aug 27, 14",0.4122103961033942
2014-08-28,26.6037,27.5034,26.6037,26.8821,1073,1073,-0.516963,-1.887,27.045,"Aug 28, 14",0.3855681261758113
2014-08-29,26.4347,26.9318,26.4347,26.9318,1151,1151,0.049708,0.185,26.6887,"Aug 29, 14",0.3881297837796047
2014-09-02,26.5838,27.0292,26.3652,26.7131,3434,3434,-0.218715,-0.812,26.5832,"Sep 2, 14",0.376857459474783
2014-09-03,27.6277,27.6277,26.3452,26.9218,2646,2646,0.208774,0.782,26.7995,"Sep 3, 14",0.38761435971445524
2014-09-04,26.8025,27.0113,26.1166,26.2756,8946,8946,-0.646204,-2.4,26.8007,"Sep 4, 14",0.35430765662448793
2014-09-05,26.2856,27.0312,26.2856,27.0312,3205,3205,0.755561,2.876,26.6636,"Sep 5, 14",0.39325309898719174
2014-09-08,26.4347,27.23,26.1066,27.2002,6377,6377,0.169007,0.625,26.6938,"Sep 8, 14",0.40196376568822
2014-09-09,26.8373,26.892,26.4148,26.6832,8481,8481,-0.516962,-1.901,26.7817,"Sep 9, 14",0.3753163415199856
2014-09-10,26.7578,27.1604,26.7429,27.1604,12769,12769,0.477196,1.788,26.8644,"Sep 10, 14",0.39991237790892464
2014-09-11,27.0411,27.5084,26.4446,27.4984,4322,4322,0.338014,1.245,26.9987,"Sep 11, 14",0.41733371131098124
2014-09-12,27.6476,27.6476,26.6534,26.6733,2585,2585,-0.825152,-3.001,26.9934,"Sep 12, 14",0.37480607169548763
2014-09-15,26.9417,26.9417,26.4745,26.7826,3980,3980,0.109357,0.41,26.7063,"Sep 15, 14",0.38043965672757263
2014-09-16,26.8423,27.6575,26.6137,27.6575,12928,12928,0.87486,3.267,26.9635,"Sep 16, 14",0.4255341081875113
2014-09-17,27.6376,27.6376,26.8721,27.24,1588,1588,-0.417546,-1.51,27.2222,"Sep 17, 14",0.40401515346751543
2014-09-18,26.8423,27.8066,26.2727,26.544,3049,3049,-0.695912,-2.555,26.654,"Sep 18, 14",0.3681416385331032
2014-09-19,26.6435,28.7809,26.6435,28.7809,10743,10743,2.2369,8.427,27.7039,"Sep 19, 14",0.4834368476664176
2014-09-22,28.8406,29.3077,27.827,27.8464,13917,13917,-0.934509,-3.247,28.4717,"Sep 22, 14",0.4352704687781873
2014-09-23,28.3435,29.0294,27.7867,27.9458,12476,12476,0.099415,0.357,28.325,"Sep 23, 14",0.44039378398577433
2014-09-24,28.4628,29.099,28.1148,29.099,4840,4840,1.1532,4.127,28.7559,"Sep 24, 14",0.4998324871788265
2014-09-25,28.4628,28.8704,27.8961,28.1347,5948,5948,-0.964334,-3.314,28.4636,"Sep 25, 14",0.4501301445764503
2014-09-26,28.1943,28.5224,27.916,28.4329,3035,3035,0.298247,1.06,28.241,"Sep 26, 14",0.4655000901992115
2014-09-29,27.737,28.423,27.7172,27.7172,9466,9466,-0.715794,-2.517,28.1029,"Sep 29, 14",0.4286111898564544
2014-09-30,27.8166,29.9242,26.8423,29.9242,23941,23941,2.207,7.963,28.7058,"Sep 30, 14",0.5423652810349716
2014-10-01,29.5166,31.5387,29.5166,30.4809,12508,12508,0.556729,1.86,30.545,"Oct 1, 14",0.5710589387418499
2014-10-02,30.7891,32.0517,29.5464,31.4751,7999,7999,0.994159,3.262,30.5374,"Oct 2, 14",0.6223023992990234
2014-10-03,32.0616,32.7575,30.8587,31.5645,7652,7652,0.089474,0.284,31.9467,"Oct 3, 14",0.6269102904414607
2014-10-06,30.8189,32.7874,30.8189,31.5844,5347,5347,0.019883,0.063,31.4834,"Oct 6, 14",0.6279359843311084
2014-10-07,32.2803,32.6084,30.8985,31.0774,3677,3677,-0.507021,-1.605,31.5082,"Oct 7, 14",0.6018039842280237
2014-10-08,31.3359,31.7932,29.8944,31.4154,6312,6312,0.338014,1.088,30.929,"Oct 8, 14",0.6192253176300804
2014-10-09,29.9838,32.1312,29.9838,30.5903,8987,8987,-0.825152,-2.627,30.9479,"Oct 9, 14",0.5766976780145866
2014-10-10,30.5306,31.6441,30.5306,30.6002,6513,6513,0.009942,0.033,30.9075,"Oct 10, 14",0.5772079478390848
2014-10-13,30.8587,30.9203,29.4271,29.9043,8790,8790,-0.695911,-2.274,30.3558,"Oct 13, 14",0.5413395871453239
2014-10-14,29.8248,29.9938,27.8663,28.7809,14656,14656,-1.1234,-3.757,28.9562,"Oct 14, 14",0.4834368476664176
2014-10-15,28.8207,29.7751,27.8663,28.8604,9713,9713,0.079533,0.276,28.3837,"Oct 15, 14",0.48753446898435693
2014-10-16,28.8604,29.8844,28.0055,29.6259,8969,8969,0.765502,2.652,29.071,"Oct 16, 14",0.526990181171559
2014-10-17,30.1429,31.4055,29.9213,30.8189,10762,10762,1.193,4.027,30.4115,"Oct 17, 14",0.5884802721439065
2014-10-20,30.8985,30.8985,28.4528,29.0096,12376,12376,-1.8094,-5.871,29.6893,"Oct 20, 14",0.49522459603638896
2014-10-21,28.7269,29.0928,27.906,28.3236,9309,9309,-0.68597,-2.365,28.6754,"Oct 21, 14",0.4598665051671263
2014-10-22,28.8262,29.0315,27.9558,28.4329,4550,4550,0.109357,0.386,28.6171,"Oct 22, 14",0.4655000901992115
2014-10-23,29.1487,29.1487,26.8523,27.4984,7633,7633,-0.934509,-3.287,27.6987,"Oct 23, 14",0.41733371131098124
2014-10-24,26.9367,28.254,26.1564,28.2441,9423,9423,0.745619,2.711,27.4172,"Oct 24, 14",0.455768883849187
2014-10-27,27.4338,28.9797,26.1961,28.6318,6319,6319,0.387722,1.373,27.7294,"Oct 27, 14",0.475751874855037
2014-10-28,28.2739,29.6061,27.8862,29.6061,7416,7416,0.974276,3.403,28.8116,"Oct 28, 14",0.5259696415225629
2014-10-29,29.1985,30.7593,28.7213,30.7593,10860,10860,1.1532,3.895,29.367,"Oct 29, 14",0.5854083447156149
2014-10-30,30.1191,33.0558,30.0202,33.0558,14208,14208,2.2965,7.466,31.1785,"Oct 30, 14",0.7037754812772209
2014-10-31,33.6523,34.6961,33.3044,33.8213,6425,6425,0.765502,2.316,34.0873,"Oct 31, 14",0.743231193464423
2014-11-03,32.8768,35.064,32.8371,34.04,5432,5432,0.218715,0.647,33.7093,"Nov 3, 14",0.7545035177692447
2014-11-04,34.25,34.6,32.79,32.79,16126,16126,-1.25,-3.672,33.7842,"Nov 4, 14",0.6900755096255445
2014-11-05,33.39,33.4399,31.55,31.77,15259,15259,-1.02,-3.111,32.5126,"Nov 5, 14",0.6375022549802851
2014-11-06,32.12,32.88,31.3965,32.81,18759,18759,1.04,3.274,31.8533,"Nov 6, 14",0.6911063577558438
2014-11-07,32.7,33.75,32,33.71,18487,18487,0.9,2.743,32.6408,"Nov 7, 14",0.737494523619308
2014-11-10,33.2,34.89,32.7,34.89,41067,41067,1.18,3.5,33.5843,"Nov 10, 14",0.7983145633069609
2014-11-11,34.44,34.5,33.02,34.1,43528,43528,-0.79,-2.264,34.0663,"Nov 11, 14",0.7575960621601424
2014-11-12,33,34.8899,33,34.13,42075,42075,0.03,0.088,33.8788,"Nov 12, 14",0.7591423343555913
2014-11-13,33.67,34.55,33.22,33.82,44514,44514,-0.31,-0.908,34.2082,"Nov 13, 14",0.7431641883359535
2014-11-14,33.845,34.98,33.38,34.4,64942,64942,0.58,1.715,34.186,"Nov 14, 14",0.7730587841146304
2014-11-17,33.8956,34.755,33.59,33.87,48475,48475,-0.53,-1.541,34.2551,"Nov 17, 14",0.7457413086617014
2014-11-18,33.9,34.8999,33.9,34.08,6865,6865,0.21,0.62,34.1906,"Nov 18, 14",0.7565652140298431
2014-11-19,33.84,34.8,33.6,34.32,5498,5498,0.24,0.704,34.1418,"Nov 19, 14",0.7689353915934336
2014-11-20,33.63,34.53,33.12,33.56,4527,4527,-0.76,-2.214,33.6467,"Nov 20, 14",0.729763162642064
2014-11-21,33.56,33.91,32.9501,33.07,3588,3588,-0.49,-1.46,33.4718,"Nov 21, 14",0.7045073834497334
2014-11-24,33.07,33.4211,32.5,33.1,18302,18302,0.03,0.091,32.9535,"Nov 24, 14",0.7060536556451823
2014-11-25,32.4976,32.86,32.05,32.52,17641,17641,-0.58,-1.752,32.6016,"Nov 25, 14",0.6761590598665055
2014-11-26,31.7995,33,31.222,33,16618,16618,0.48,1.476,32.0776,"Nov 26, 14",0.7008994149936861
2014-11-28,33,33,30.32,32.4,14799,14799,-0.6,-1.818,31.9922,"Nov 28, 14",0.66997397108471
2014-12-01,31.32,31.98,30.46,30.66,45677,45677,-1.74,-5.37,31.4494,"Dec 1, 14",0.5802901837486794
2014-12-02,29.55,30.66,29.55,30.57,2502,2502,-0.09,-0.294,30.5426,"Dec 2, 14",0.5756513671623329
2014-12-03,30.36,30.91,29.25,30.41,8187,8187,-0.16,-0.523,30.4745,"Dec 3, 14",0.5674045821199393
2014-12-04,30.49,30.49,29.75,29.75,4852,4852,-0.66,-2.17,30.0145,"Dec 4, 14",0.5333865938200656
2014-12-05,29.77,31.1,29.77,30.7,4334,4334,0.95,3.193,30.7415,"Dec 5, 14",0.5823518800092777
2014-12-08,30.7,31.24,30.03,30.27,1648,1648,-0.43,-1.401,30.4254,"Dec 8, 14",0.5601886452078448
2014-12-09,30.27,30.48,30.27,30.28,3113,3113,0.01,0.033,30.3825,"Dec 9, 14",0.5607040692729945
2014-12-10,30.9,30.9,29.55,30.06,3289,3289,-0.22,-0.727,30.0616,"Dec 10, 14",0.5493647398397031
2014-12-11,29.32,30.19,29.24,30.15,10736,10736,0.09,0.299,29.7395,"Dec 11, 14",0.5540035564260496
2014-12-12,29.64,29.64,29.3,29.43,2359,2359,-0.72,-2.388,29.4457,"Dec 12, 14",0.5168930237352783
2014-12-15,28.48,29.37,28.1,28.41,3488,3488,-1.02,-3.466,28.6105,"Dec 15, 14",0.46431976909001893
2014-12-16,28.428,29.89,28.428,29.77,5402,5402,1.36,4.787,29.2848,"Dec 16, 14",0.5344174419503648
2014-12-17,29.32,29.94,28.02,28.94,17908,17908,-0.83,-2.788,29.2423,"Dec 17, 14",0.4916372445429479
2014-12-18,29.1,30.41,28.7905,30.41,9549,9549,1.47,5.079,29.5641,"Dec 18, 14",0.5674045821199393
2014-12-19,30.28,31.25,30.2001,30.7,11570,11570,0.29,0.954,30.57,"Dec 19, 14",0.5823518800092777
2014-12-22,30.56,31.24,29.31,29.4,15163,15163,-1.3,-4.235,30.0777,"Dec 22, 14",0.5153467515398295
2014-12-23,29.75,30.09,29.38,30.09,2331,2331,0.69,2.347,29.7321,"Dec 23, 14",0.550911012035152
2014-12-24,30.4,30.4,29.02,29.99,2175,2175,-0.1,-0.332,29.6681,"Dec 24, 14",0.545756771383656
2014-12-26,29.5,30.04,29,30.04,10042,10042,0.05,0.167,29.4026,"Dec 26, 14",0.5483338917094039
2014-12-29,31.25,31.25,29.53,30,16549,16549,-0.04,-0.133,30.0064,"Dec 29, 14",0.5462721954488056
2014-12-30,29.02,29.5,28.7,29.5,22436,22436,-0.5,-1.667,28.9994,"Dec 30, 14",0.5205009921913255
2014-12-31,29.3,29.5764,29.15,29.15,2665,2665,-0.35,-1.186,29.2548,"Dec 31, 14",0.5024611499110894
2015-01-02,29.59,29.62,28.91,29.22,11431,11431,0.07,0.24,29.1116,"Jan 2, 15",0.5060691183671366
2015-01-05,29.25,29.49,28.2001,28.81,14300,14300,-0.41,-1.403,28.9637,"Jan 5, 15",0.48493673169600293
2015-01-06,29.2,29.42,28.05,28.81,8258,8258,0,0,28.9478,"Jan 6, 15",0.48493673169600293
2015-01-07,28.03,29.97,28.02,29.58,9822,9822,0.77,2.673,28.9357,"Jan 7, 15",0.5246243847125223
2015-01-08,30.43,30.43,29.52,29.67,3592,3592,0.09,0.304,29.6724,"Jan 8, 15",0.5292632012988688
2015-01-09,30.98,30.98,30.15,30.37,3796,3796,0.7,2.359,30.5063,"Jan 9, 15",0.5653428858593409
2015-01-12,30.14,30.69,29.45,30,4567,4567,-0.37,-1.218,30.0627,"Jan 12, 15",0.5462721954488056
2015-01-13,30.62,30.62,29.7,29.76,4490,4490,-0.24,-0.8,30.0539,"Jan 13, 15",0.5339020178852153
2015-01-14,28.9,29.1,28.9,28.91,1193,1193,-0.85,-2.856,28.9726,"Jan 14, 15",0.49009097234749904
2015-01-15,29.34,29.7,28.48,28.49,1314,1314,-0.42,-1.453,28.7508,"Jan 15, 15",0.46844316161121563
2015-01-16,28.5,29.52,27.35,29.52,2104,2104,1.03,3.615,28.748,"Jan 16, 15",0.5215318403216247
2015-01-20,28.8,29.25,28.25,28.25,1361,1361,-1.27,-4.302,28.6628,"Jan 20, 15",0.4560729840476253
2015-01-21,27.9999,28.22,27.5,27.9,24303,24303,-0.35,-1.239,28.0018,"Jan 21, 15",0.43803314176738917
2015-01-22,28.2,30.55,28.17,30.5,24423,24423,2.6,9.319,29.6685,"Jan 22, 15",0.5720433987062857
2015-01-23,30,30.48,29.2701,30.24,3017,3017,-0.26,-0.852,29.9542,"Jan 23, 15",0.5586423730123959
2015-01-26,30.5,30.5,29.07,30.37,1439,1439,0.13,0.43,30.1946,"Jan 26, 15",0.5653428858593409
2015-01-27,29.28,29.69,28.2001,28.5,5797,5797,-1.87,-6.157,28.8826,"Jan 27, 15",0.46895858567636534
2015-01-28,28.5,29.03,28.2,28.5,3456,3456,0,0,28.4743,"Jan 28, 15",0.46895858567636534
2015-01-29,28,28.78,27.88,28.72,5701,5701,0.22,0.772,28.3899,"Jan 29, 15",0.4802979151096565
2015-01-30,28.54,28.99,28.12,28.99,12044,12044,0.27,0.94,28.4929,"Jan 30, 15",0.49421436486869574
2015-02-02,28.6,29.49,28.14,29.49,18410,18410,0.5,1.725,28.6576,"Feb 2, 15",0.5199855681261758
2015-02-03,29.8,30.49,28.6039,29.3,68119,68119,-0.19,-0.644,29.7593,"Feb 3, 15",0.5101925108883335
2015-02-04,29.3001,29.3001,27.53,27.68,36472,36472,-1.62,-5.529,28.0893,"Feb 4, 15",0.426693812334098
2015-02-05,28.57,28.6,27.46,27.96,24249,24249,0.28,1.012,27.9039,"Feb 5, 15",0.4411256861582869
2015-02-06,28.65,28.65,23.55,23.55,20051,20051,-4.41,-15.773,25.5186,"Feb 6, 15",0.21382367342731246
2015-02-09,23.01,24.16,23.01,23.6,5856,5856,0.05,0.212,23.6097,"Feb 9, 15",0.21640079375306048
2015-02-10,23.59,24.3,22.12,22.13,21251,21251,-1.47,-6.229,23.3133,"Feb 10, 15",0.1406334561760689
2015-02-11,22.51,22.53,21.03,21.14,8463,8463,-0.99,-4.474,21.5629,"Feb 11, 15",0.08960647372625838
2015-02-12,20.03,21,20.03,20.94,7336,7336,-0.2,-0.946,20.7355,"Feb 12, 15",0.07929799242326638
2015-02-13,21.26,21.95,21.07,21.85,16832,16832,0.91,4.346,21.6009,"Feb 13, 15",0.12620158235188017
2015-02-17,21.94,22.2799,21.54,21.68,9120,9120,-0.17,-0.778,21.9708,"Feb 17, 15",0.11743937324433684
2015-02-18,21.66,21.84,21.26,21.6,9362,9362,-0.08,-0.369,21.739,"Feb 18, 15",0.11331598072314011
2015-02-19,20.25,21.5799,20.25,21.45,5295,5295,-0.15,-0.694,21.0715,"Feb 19, 15",0.10558461974589597
2015-02-20,21.47,21.51,20.7,21.03,8715,8715,-0.42,-1.958,21.0964,"Feb 20, 15",0.0839368090096128
2015-02-23,20.7,21.24,20.68,20.78,4826,4826,-0.25,-1.189,21.0356,"Feb 23, 15",0.07105120738087274
2015-02-24,21.03,22.43,21.03,21.96,11733,11733,1.18,5.679,21.8289,"Feb 24, 15",0.13187124706852577
2015-02-25,22.1,22.2295,21.9,22.14,6302,6302,0.18,0.82,22.1388,"Feb 25, 15",0.14114888024121858
2015-02-26,21.38,21.695,21.38,21.42,1669,1669,-0.72,-3.252,21.4588,"Feb 26, 15",0.1040383475504473
2015-02-27,20.14,20.99,20.14,20.75,12723,12723,-0.67,-3.128,20.6792,"Feb 27, 15",0.06950493518542389
2015-03-02,20.18,20.98,20.171,20.98,3222,3222,0.23,1.108,20.5535,"Mar 2, 15",0.08135968868386474
2015-03-03,20.075,20.9,20.075,20.46,3215,3215,-0.52,-2.479,20.6451,"Mar 3, 15",0.054557637296085475
2015-03-04,19.5931,20.08,19.5931,19.95,2992,2992,-0.51,-2.493,19.9864,"Mar 4, 15",0.028271009973455698
2015-03-05,20.73,20.74,19.59,20.02,2594,2594,0.07,0.351,20.0604,"Mar 5, 15",0.03187897842950292
2015-03-06,19.8,19.97,19.1455,19.78,9525,9525,-0.24,-1.199,19.8047,"Mar 6, 15",0.01950880086591256
2015-03-09,20.3,20.3,19.7196,19.85,4607,4607,0.07,0.354,20.0698,"Mar 9, 15",0.023116769321959788
2015-03-10,19.021,19.85,19.02,19.54,4714,4714,-0.31,-1.562,19.5369,"Mar 10, 15",0.007138623302322012
2015-03-11,19.99,20.75,19.99,20.26,3281,3281,0.72,3.685,20.3017,"Mar 11, 15",0.044249155993093474
2015-03-12,20.75,20.98,20.045,20.82,3829,3829,0.56,2.764,20.725,"Mar 12, 15",0.0731129036414711
2015-03-13,21,21.9799,20.94,20.98,5823,5823,0.16,0.768,21.335,"Mar 13, 15",0.08135968868386474
2015-03-16,21.04,21.21,21,21.07,1389,1389,0.09,0.429,21.0895,"Mar 16, 15",0.08599850527021116
2015-03-17,21.25,22.27,21.25,21.85,8625,8625,0.78,3.702,21.5079,"Mar 17, 15",0.12620158235188017
2015-03-18,21.16,21.51,21.01,21.28,1972,1972,-0.57,-2.609,21.2332,"Mar 18, 15",0.09682241063835284
2015-03-19,20.23,21.5,20.23,21.26,8069,8069,-0.02,-0.094,21.0067,"Mar 19, 15",0.09579156250805367
2015-03-20,21.4,21.4,20.53,21.16,5436,5436,-0.1,-0.47,21.3321,"Mar 20, 15",0.09063732185655757
2015-03-23,21.88,21.88,20.74,20.9,2919,2919,-0.26,-1.229,20.9533,"Mar 23, 15",0.07723629616266783
2015-03-24,20.75,20.99,20.25,20.99,2123,2123,0.09,0.431,20.7009,"Mar 24, 15",0.08187511274901425
2015-03-25,22,22,20.29,20.62,3464,3464,-0.37,-1.763,20.7531,"Mar 25, 15",0.0628044223384791
2015-03-26,20.6,21.9799,20.36,21.11,2956,2956,0.49,2.376,20.6861,"Mar 26, 15",0.08806020153080953
2015-03-27,21.16,22.21,21.02,21.1,2698,2698,-0.01,-0.047,21.1405,"Mar 27, 15",0.08754477746566001
2015-03-30,22.3,22.3,20.7,21.14,2076,2076,0.04,0.19,21.1296,"Mar 30, 15",0.08960647372625838
2015-03-31,21.15,22.04,21.15,21.79,3400,3400,0.65,3.075,21.8413,"Mar 31, 15",0.12310903796098244
2015-04-01,22.34,22.505,21.49,22.21,7461,7461,0.42,1.927,22.1489,"Apr 1, 15",0.1447568486972658
2015-04-02,22.24,22.24,21.23,21.23,1149,1149,-0.98,-4.412,21.5194,"Apr 2, 15",0.0942452903126048
2015-04-06,20.98,20.98,20.26,20.57,1995,1995,-0.66,-3.109,20.5381,"Apr 6, 15",0.06022730201273106
2015-04-07,20.25,20.25,19,19,3489,3489,-1.57,-7.632,19.5268,"Apr 7, 15",-0.020694276215756445
2015-04-08,19,19,18.02,18.1,10818,10818,-0.9,-4.737,18.5674,"Apr 8, 15",-0.06708244207922054
2015-04-09,17.7501,18.1,17.3,18.01,2539,2539,-0.09,-0.497,17.8354,"Apr 9, 15",-0.07172125866556694
2015-04-10,18.27,18.96,17.65,17.65,2089,2089,-0.36,-1.999,18.0866,"Apr 10, 15",-0.09027652501095278
2015-04-13,17.53,17.61,16.31,16.81,5731,5731,-0.84,-4.759,17.1006,"Apr 13, 15",-0.1335721464835193
2015-04-14,16.11,16.5128,15.7,15.7,6861,6861,-1.11,-6.603,16.1687,"Apr 14, 15",-0.1907842177151251
2015-04-15,15.5999,15.5999,15.05,15.37,4633,4633,-0.33,-2.102,15.2993,"Apr 15, 15",-0.20779321186506197
2015-04-16,15.07,16,15.07,15.8,13682,13682,0.43,2.798,15.6472,"Apr 16, 15",-0.18562997706362902
2015-04-17,15.77,15.8,15.52,15.76,3763,3763,-0.04,-0.253,15.7516,"Apr 17, 15",-0.18769167332422745
2015-04-20,15.911,15.911,15.35,15.5,6349,6349,-0.26,-1.65,15.5658,"Apr 20, 15",-0.2010926990181171
2015-04-21,15.485,15.66,15.04,15.53,16335,16335,0.03,0.194,15.3004,"Apr 21, 15",-0.19954642682266832
2015-04-22,15.06,15.425,15.06,15.17,1701,1701,-0.36,-2.318,15.1453,"Apr 22, 15",-0.21810169316805397
2015-04-23,14.76,15.09,14.74,14.77,2674,2674,-0.4,-2.637,14.8913,"Apr 23, 15",-0.23871865577403806
2015-04-24,14.68,15.4114,14.68,14.87,2713,2713,0.1,0.677,15.0677,"Apr 24, 15",-0.23356441512254206
2015-04-27,14.75,15.34,14.75,14.97,2996,2996,0.1,0.672,14.902,"Apr 27, 15",-0.22841017447104597
2015-04-28,14.76,14.94,14.75,14.78,4081,4081,-0.19,-1.269,14.8338,"Apr 28, 15",-0.23820323170888846
2015-04-29,14.91,15.2,14.91,15,2651,2651,0.22,1.488,15.0147,"Apr 29, 15",-0.2268639022755972
2015-04-30,15,15.19,14.57,14.57,4301,4301,-0.43,-2.867,14.6756,"Apr 30, 15",-0.24902713707703006
2015-05-01,14.57,14.8999,14.54,14.54,4678,4678,-0.03,-0.206,14.6333,"May 1, 15",-0.2505734092724789
2015-05-04,14.51,14.88,14.25,14.78,14541,14541,0.24,1.651,14.539,"May 4, 15",-0.23820323170888846
2015-05-05,14.7,14.79,13.62,13.8,43276,43276,-0.98,-6.631,14.1837,"May 5, 15",-0.2887147900935494
2015-05-06,13.83,14.14,13.83,14,11200,11200,0.2,1.449,13.9705,"May 6, 15",-0.2784063087905574
2015-05-07,13.9,14.39,13.9,14.39,7363,7363,0.39,2.786,14.1777,"May 7, 15",-0.25830477024972287
2015-05-08,14.5,16.5,14.5,16.21,20680,20680,1.82,12.648,15.2684,"May 8, 15",-0.1644975903924953
2015-05-11,15.58,15.77,15.02,15.29,5446,5446,-0.92,-5.676,15.4065,"May 11, 15",-0.21191660438625878
2015-05-12,15.578,15.578,15,15,2841,2841,-0.29,-1.897,15.1173,"May 12, 15",-0.2268639022755972
2015-05-13,14.6,14.6,13.65,13.8,12619,12619,-1.2,-8,14.0588,"May 13, 15",-0.2887147900935494
2015-05-14,13.8,14.3595,13.8,14.22,11556,11556,0.42,3.043,14.1989,"May 14, 15",-0.2670669793572661
2015-05-15,14.28,14.95,13.7401,14.83,10773,10773,0.61,4.29,14.3815,"May 15, 15",-0.23562611138314044
2015-05-18,15.07,15.91,14.37,14.54,12324,12324,-0.29,-1.955,15.1155,"May 18, 15",-0.2505734092724789
2015-05-19,15.13,15.27,14.4,14.79,11930,11930,0.25,1.719,14.8301,"May 19, 15",-0.23768780764373887
2015-05-20,15.08,15.28,14.74,14.96,13039,13039,0.17,1.149,14.961,"May 20, 15",-0.22892559853619557
2015-05-21,14.8,15.2,14.45,14.93,8528,8528,-0.03,-0.201,14.9259,"May 21, 15",-0.23047187073164443
2015-05-22,15.1,15.18,14.5201,15.18,9839,9839,0.25,1.674,14.9873,"May 22, 15",-0.21758626910290438
2015-05-26,14.68,15.1,14.52,14.88,11099,11099,-0.3,-1.976,14.8357,"May 26, 15",-0.23304899105739238
2015-05-27,15.051,15.16,15.01,15.16,1874,1874,0.28,1.882,15.0625,"May 27, 15",-0.21861711723320357
2015-05-28,15.13,15.14,15.06,15.14,2048,2048,-0.02,-0.132,15.0915,"May 28, 15",-0.21964796536350273
2015-05-29,15.21,15.31,14.66,14.93,10164,10164,-0.21,-1.387,15.1451,"May 29, 15",-0.23047187073164443
2015-06-01,14.97,15.25,14.97,15,7786,7786,0.07,0.469,15.0687,"Jun 1, 15",-0.2268639022755972
2015-06-02,14.985,15.05,14.85,15,9121,9121,0,0,14.9839,"Jun 2, 15",-0.2268639022755972
2015-06-03,15.29,15.345,14.58,14.58,6159,6159,-0.42,-2.8,14.8185,"Jun 3, 15",-0.24851171301188046
2015-06-04,14.53,14.95,14.41,14.44,4242,4242,-0.14,-0.96,14.5728,"Jun 4, 15",-0.2557276499239749
2015-06-05,14.87,14.87,14.45,14.66,5372,5372,0.22,1.524,14.6657,"Jun 5, 15",-0.24438832049068365
2015-06-08,14.94,14.94,14.01,14.17,6873,6873,-0.49,-3.342,14.2695,"Jun 8, 15",-0.26964409968301417
2015-06-09,14.3,14.65,14.07,14.26,3182,3182,0.09,0.635,14.3299,"Jun 9, 15",-0.26500528309666777
2015-06-10,14.47,14.8,14.11,14.75,10299,10299,0.49,3.436,14.4977,"Jun 10, 15",-0.23974950390433725
2015-06-11,14.86,15.25,14.8,15.25,4521,4521,0.5,3.39,15.0861,"Jun 11, 15",-0.21397830064685713
2015-06-12,15.03,15.6,14.77,14.87,18784,18784,-0.38,-2.492,15.1532,"Jun 12, 15",-0.23356441512254206
2015-06-15,14.89,15.16,14.55,14.8,6753,6753,-0.07,-0.471,14.8827,"Jun 15, 15",-0.2371723835785892
2015-06-16,15.21,15.21,14.27,14.67,12434,12434,-0.13,-0.878,14.5427,"Jun 16, 15",-0.24387289642553406
2015-06-17,14.28,14.51,14.18,14.27,4382,4382,-0.4,-2.727,14.3,"Jun 17, 15",-0.26448985903151817
2015-06-18,14.149,14.75,14.14,14.74,18249,18249,0.47,3.294,14.4453,"Jun 18, 15",-0.24026492796948684
2015-06-19,14.76,14.76,14.16,14.16,14847,14847,-0.58,-3.935,14.3655,"Jun 19, 15",-0.27015952374816377
2015-06-22,14.43,14.76,14.41,14.6,4930,4930,0.44,3.107,14.5707,"Jun 22, 15",-0.24748086488158128
2015-06-23,15,15.75,14.95,15.73,20077,20077,1.13,7.74,15.1569,"Jun 23, 15",-0.18923794551967624
2015-06-24,15.32,15.62,14.65,15.09,10104,10104,-0.64,-4.069,15.1957,"Jun 24, 15",-0.22222508568925078
2015-06-25,14.55,14.7789,14.06,14.35,17750,17750,-0.74,-4.904,14.4957,"Jun 25, 15",-0.26036646651032136
2015-06-26,14.6,15.545,14.5,14.92,180126,180126,0.57,3.972,14.9312,"Jun 26, 15",-0.230987294796794
2015-06-29,15.11,15.48,14.6,14.65,14922,14922,-0.27,-1.81,14.9347,"Jun 29, 15",-0.24490374455583325
2015-06-30,14.67,14.95,14.67,14.9,7418,7418,0.25,1.706,14.6911,"Jun 30, 15",-0.2320181429270932
2015-07-01,14.94,15.19,14.85,15.09,6473,6473,0.19,1.275,14.9872,"Jul 1, 15",-0.22222508568925078
2015-07-02,15,15.44,14.73,15.44,4909,4909,0.35,2.319,15.2346,"Jul 2, 15",-0.20418524340901473
2015-07-06,15.1,15.18,14.4,14.59,29656,29656,-0.85,-5.505,14.8352,"Jul 6, 15",-0.24799628894673087
2015-07-07,14.39,14.88,14.26,14.44,12150,12150,-0.15,-1.028,14.5842,"Jul 7, 15",-0.2557276499239749
2015-07-08,14.3,14.56,13.65,13.65,3393,3393,-0.79,-5.471,14.0094,"Jul 8, 15",-0.2964461510707934
2015-07-09,13.8,14.42,13.685,13.69,5087,5087,0.04,0.293,14.0277,"Jul 9, 15",-0.29438445481019504
2015-07-10,13.89,14.51,13.72,14.15,35092,35092,0.46,3.36,14.0284,"Jul 10, 15",-0.27067494781331336
2015-07-13,14.04,14.465,13.7001,13.95,1191,1191,-0.2,-1.413,13.9777,"Jul 13, 15",-0.2809834291163054
2015-07-14,13.93,14.88,13.93,14.56,15006,15006,0.61,4.373,14.4258,"Jul 14, 15",-0.24954256114217965
2015-07-15,14.31,14.43,13.651,13.91,36929,36929,-0.65,-4.464,14.1095,"Jul 15, 15",-0.2830451253769038
2015-07-16,13.75,14.79,13.75,14.25,60307,60307,0.34,2.444,14.4357,"Jul 16, 15",-0.26552070716181736
2015-07-17,14,14.75,13.73,14.65,75062,75062,0.4,2.807,14.3857,"Jul 17, 15",-0.24490374455583325
2015-07-20,14.44,14.71,14,14,8481,8481,-0.65,-4.437,14.3652,"Jul 20, 15",-0.2784063087905574
2015-07-21,14,14.65,14,14,2606,2606,0,0,14.2614,"Jul 21, 15",-0.2784063087905574
2015-07-22,14.31,14.42,14.15,14.15,2228,2228,0.15,1.071,14.2754,"Jul 22, 15",-0.27067494781331336
2015-07-23,14.4,14.57,13.9,13.91,46302,46302,-0.24,-1.696,14.2106,"Jul 23, 15",-0.2830451253769038
2015-07-24,13.94,14.25,13.65,13.83,14914,14914,-0.08,-0.575,13.963,"Jul 24, 15",-0.2871685178981006
2015-07-27,13.72,13.82,13.41,13.41,3919,3919,-0.42,-3.037,13.6282,"Jul 27, 15",-0.3088163286343839
2015-07-28,13.64,13.77,13.35,13.35,13310,13310,-0.06,-0.447,13.6164,"Jul 28, 15",-0.31190887302528153
2015-07-29,13.42,14.47,13.42,13.53,58127,58127,0.18,1.348,13.7834,"Jul 29, 15",-0.3026312398525887
2015-07-30,13.9999,13.9999,13.545,13.73,39874,39874,0.2,1.478,13.6207,"Jul 30, 15",-0.2923227585495966
2015-07-31,13.9,14.45,13.47,13.74,64941,64941,0.01,0.073,14.0616,"Jul 31, 15",-0.291807334484447
2015-08-03,13.4501,14.4999,13.4501,14.11,1428,1428,0.37,2.693,14.2385,"Aug 3, 15",-0.2727366440739118
2015-08-04,14.4,14.41,13.71,13.712,3207,3207,-0.398,-2.821,13.9504,"Aug 4, 15",-0.29325052186686595
2015-08-05,13.61,13.635,12,12,13437,13437,-1.712,-12.485,13.0945,"Aug 5, 15",-0.38149112182047773
2015-08-06,11.86,12.129,11.57,12,53355,53355,0,0,11.8407,"Aug 6, 15",-0.38149112182047773
2015-08-07,11.84,12.455,11.65,11.65,2740,2740,-0.35,-2.917,11.8991,"Aug 7, 15",-0.3995309641007138
2015-08-10,12.05,12.2799,12.05,12.05,3836,3836,0.4,3.433,12.1632,"Aug 10, 15",-0.3789140014947297
2015-08-11,12.21,12.35,12.15,12.35,1697,1697,0.3,2.49,12.215,"Aug 11, 15",-0.3634512795402417
2015-08-12,12.052,12.34,12.052,12.15,1126,1126,-0.2,-1.619,12.1235,"Aug 12, 15",-0.3737597608432337
2015-08-13,12.2673,12.94,12.1501,12.3,2945,2945,0.15,1.235,12.4289,"Aug 13, 15",-0.3660283998659897
2015-08-14,12.28,12.775,12.13,12.5,2230,2230,0.2,1.626,12.5245,"Aug 14, 15",-0.3557199185629977
2015-08-17,12.65,12.96,12.65,12.7,2841,2841,0.2,1.6,12.8861,"Aug 17, 15",-0.34541143726000567
2015-08-18,12.9201,13.34,12.92,13.34,4573,4573,0.64,5.039,13.1064,"Aug 18, 15",-0.3124242970904311
2015-08-19,13.55,13.9913,13.275,13.36,21314,21314,0.02,0.15,13.5295,"Aug 19, 15",-0.31139344896013194
2015-08-20,13.5,14.0999,13.3,13.35,3322,3322,-0.01,-0.075,13.5938,"Aug 20, 15",-0.31190887302528153
2015-08-21,13.35,13.645,13.3,13.34,4401,4401,-0.01,-0.075,13.4717,"Aug 21, 15",-0.3124242970904311
2015-08-24,13.2,13.376,12.55,12.67,4279,4279,-0.67,-5.022,12.8273,"Aug 24, 15",-0.34695770945545445
2015-08-25,13.19,13.19,11.32,12.58,19511,19511,-0.09,-0.71,12.0093,"Aug 25, 15",-0.35159652604180086
2015-08-26,12.78,12.931,12.24,12.52,5862,5862,-0.06,-0.477,12.3623,"Aug 26, 15",-0.3546890704326985
2015-08-27,12.65,13.65,12.65,13,14515,14515,0.48,3.834,13.1348,"Aug 27, 15",-0.32994871530551756
2015-08-28,13.12,13.12,12.6,12.6,6470,6470,-0.4,-3.077,12.9646,"Aug 28, 15",-0.35056567791150167
2015-08-31,12.9951,13,12.61,12.64,16230,16230,0.04,0.317,12.8147,"Aug 31, 15",-0.3485039816509032
2015-09-01,12.4,13.0499,12.4,12.98,10325,10325,0.34,2.69,12.7898,"Sep 1, 15",-0.33097956343581675
2015-09-02,12.96,12.98,12.19,12.81,1755,1755,-0.17,-1.31,12.551,"Sep 2, 15",-0.33974177254335997
2015-09-03,12.4701,12.53,12.4701,12.53,1672,1672,-0.28,-2.186,12.5049,"Sep 3, 15",-0.3541736463675489
2015-09-04,12.97,13,12.41,13,1247,1247,0.47,3.751,12.8655,"Sep 4, 15",-0.32994871530551756
2015-09-08,12.7,12.825,12.11,12.75,964,964,-0.25,-1.923,12.6377,"Sep 8, 15",-0.3428343169342576
2015-09-09,12.4,12.87,12.38,12.65,775,775,-0.1,-0.784,12.5557,"Sep 9, 15",-0.3479885575857536
2015-09-10,11.87,12.8,11.87,12.64,3021,3021,-0.01,-0.079,12.712,"Sep 10, 15",-0.3485039816509032
2015-09-11,12.95,12.95,12.7501,12.9488,1411,1411,0.3088,2.443,12.8738,"Sep 11, 15",-0.3325876865190835
2015-09-14,12.76,13.26,12.76,13.26,10763,10763,0.3112,2.403,13.0068,"Sep 14, 15",-0.31654768961162794
2015-09-15,12.75,13.5,12.75,13.15,5256,5256,-0.11,-0.83,13.0691,"Sep 15, 15",-0.32221735432827353
2015-09-16,12.97,13.095,12.89,12.89,645,645,-0.26,-1.977,13.0225,"Sep 16, 15",-0.33561838002216315
2015-09-17,13,13,12.75,12.75,2371,2371,-0.14,-1.086,12.9391,"Sep 17, 15",-0.3428343169342576
2015-09-18,12.71,13.64,12.71,13.64,5273,5273,0.89,6.98,13.1861,"Sep 18, 15",-0.296961575135943
2015-09-21,13.2,13.5813,12.85,13.12,4097,4097,-0.52,-3.812,13.1113,"Sep 21, 15",-0.32376362652372237
2015-09-22,12.86,12.86,12.5238,12.66,3312,3312,-0.46,-3.506,12.7295,"Sep 22, 15",-0.34747313352060405
2015-09-23,12.85,12.85,12.52,12.64,3253,3253,-0.02,-0.158,12.6986,"Sep 23, 15",-0.3485039816509032
2015-09-24,12.51,12.51,11.6601,12.28,2676,2676,-0.36,-2.848,12.102,"Sep 24, 15",-0.3670592479962889
2015-09-25,11.86,12.01,11.5,11.62,9090,9090,-0.66,-5.375,11.5959,"Sep 25, 15",-0.40107723629616265
2015-09-28,11.9116,11.9116,11.77,11.77,342,342,0.15,1.291,11.8217,"Sep 28, 15",-0.3933458753189186
2015-09-29,11.51,11.9,11.36,11.36,13383,13383,-0.41,-3.483,11.471,"Sep 29, 15",-0.4144782619900523
2015-09-30,11.33,12.08,11.05,11.29,44689,44689,-0.07,-0.616,11.5211,"Sep 30, 15",-0.41808623044609955
2015-10-01,11.28,11.28,10.88,11.13,6563,6563,-0.16,-1.417,11.1195,"Oct 1, 15",-0.42633301548849306
2015-10-02,10.9,11.19,10.9,10.99,4870,4870,-0.14,-1.258,11.055,"Oct 2, 15",-0.43354895240058755
2015-10-05,11.26,11.85,10.93,11.85,3892,3892,0.86,7.825,11.2925,"Oct 5, 15",-0.3892224827977218
2015-10-06,11.85,12.28,11.32,11.53,37917,37917,-0.32,-2.7,11.895,"Oct 6, 15",-0.40571605288250906
2015-10-07,11.835,12.4399,11.5129,11.7,2929,2929,0.17,1.474,11.8805,"Oct 7, 15",-0.39695384377496584
2015-10-08,12.39,12.54,12.14,12.2,1403,1403,0.5,4.274,12.1955,"Oct 8, 15",-0.37118264051748573
2015-10-09,12,12.39,12,12.2995,1400,1400,0.0995,0.816,12.3103,"Oct 9, 15",-0.36605417106924715
2015-10-12,11.83,11.93,11.7,11.775,3640,3640,-0.5245,-4.264,11.8102,"Oct 12, 15",-0.3930881632863438
2015-10-13,11.8,12.17,11.09,11.38,22614,22614,-0.395,-3.355,11.7504,"Oct 13, 15",-0.41344741385975303
2015-10-14,11.55,11.66,11.2601,11.5499,8930,8930,0.1699,1.493,11.4711,"Oct 14, 15",-0.4046903589928614
2015-10-15,11.5,12.5,11.5,12.5,4120,4120,0.9501,8.226,11.9615,"Oct 15, 15",-0.3557199185629977
2015-10-16,13,13,12.35,12.36,2356,2356,-0.14,-1.12,12.539,"Oct 16, 15",-0.3629358554750921
2015-10-19,12.97,12.99,12.35,12.3575,1799,1799,-0.0025,-0.02,12.5848,"Oct 19, 15",-0.3630647114913795
2015-10-20,12.5,12.5,12.45,12.48,703,703,0.1225,0.991,12.4767,"Oct 20, 15",-0.35675076669329686
2015-10-21,12.6,12.6,12.31,12.5,1558,1558,0.02,0.16,12.42,"Oct 21, 15",-0.3557199185629977
2015-10-22,12.72,12.72,12.55,12.69,932,932,0.19,1.52,12.6471,"Oct 22, 15",-0.34592686132515527
2015-10-23,12.8,12.81,12.59,12.59,1225,1225,-0.1,-0.788,12.682,"Oct 23, 15",-0.35108110197665127
2015-10-26,13.2,13.2,12.85,12.9736,633,633,0.3836,3.047,12.9847,"Oct 26, 15",-0.3313094348375126
2015-10-27,12.94,12.94,11.75,12.36,6984,6984,-0.6136,-4.73,12.5634,"Oct 27, 15",-0.3629358554750921
2015-10-28,12.35,12.35,12.25,12.31,501,501,-0.05,-0.405,12.304,"Oct 28, 15",-0.3655129758008401
2015-10-29,12.5,13.2,12.43,13.2,913,913,0.89,7.23,12.7157,"Oct 29, 15",-0.31964023400252556
2015-10-30,12.82,12.82,12.3534,12.53,5138,5138,-0.67,-5.076,12.582,"Oct 30, 15",-0.3541736463675489
2015-11-02,12.65,12.65,12.12,12.12,3643,3643,-0.41,-3.272,12.4556,"Nov 2, 15",-0.3753060330386826
2015-11-03,12.39,12.45,12.2,12.31,11079,11079,0.19,1.568,12.3591,"Nov 3, 15",-0.3655129758008401
2015-11-04,12.42,12.42,12.325,12.34,907,907,0.03,0.244,12.3583,"Nov 4, 15",-0.3639667036053913
2015-11-05,12.31,12.31,12.2,12.2,1950,1950,-0.14,-1.135,12.2553,"Nov 5, 15",-0.37118264051748573
2015-11-06,12.1501,12.242,12.0201,12.0201,691,691,-0.1799,-1.475,12.1513,"Nov 6, 15",-0.3804551194495271
2015-11-09,12.1001,12.47,11.94,11.95,5236,5236,-0.0701,-0.583,12.1113,"Nov 9, 15",-0.3840682421462258
2015-11-10,11.96,12.25,11.9,12,3516,3516,0.05,0.418,11.9938,"Nov 10, 15",-0.38149112182047773
2015-11-11,11.91,12.24,11.9,12.05,1201,1201,0.05,0.417,12.0058,"Nov 11, 15",-0.3789140014947297
2015-11-12,12.01,12.2,11.935,11.935,1549,1549,-0.115,-0.954,12.0735,"Nov 12, 15",-0.38484137824395015
2015-11-13,12.1,12.34,11.09,11.1,6990,6990,-0.835,-6.996,11.7536,"Nov 13, 15",-0.42787928768394196
2015-11-16,11.38,11.74,11.38,11.66,3073,3073,0.56,5.045,11.6129,"Nov 16, 15",-0.3990155400355642
2015-11-17,12.49,12.74,12.49,12.74,2185,2185,1.08,9.262,12.6476,"Nov 17, 15",-0.3433497409994072
2015-11-18,12.55,12.97,12.51,12.54,2134,2134,-0.2,-1.57,12.7555,"Nov 18, 15",-0.3536582223023993
2015-11-19,12.96,12.97,12.35,12.38,2705,2705,-0.16,-1.276,12.583,"Nov 19, 15",-0.36190500734479286
2015-11-20,12.96,13.49,12.75,12.8,2124,2124,0.42,3.393,13.0845,"Nov 20, 15",-0.34025719660850956
2015-11-23,12.95,13.01,12.775,12.775,906,906,-0.025,-0.195,12.9183,"Nov 23, 15",-0.3415457567713836
2015-11-24,12.72,12.72,12.55,12.55,1139,1139,-0.225,-1.761,12.6865,"Nov 24, 15",-0.3531427982372496
2015-11-25,12.96,12.96,12.48,12.48,705,705,-0.07,-0.558,12.676,"Nov 25, 15",-0.35675076669329686
2015-11-27,12.5,12.5,12.02,12.2492,7510,7510,-0.2308,-1.849,12.2422,"Nov 27, 15",-0.3686467541169497
2015-11-30,12.19,12.41,12.1601,12.3,902,902,0.0508,0.415,12.3019,"Nov 30, 15",-0.3660283998659897
2015-12-01,12.22,12.275,11.6001,11.64,1651,1651,-0.66,-5.366,12.024,"Dec 1, 15",-0.4000463881658634
2015-12-02,11.6,12.71,11.6,12.71,737,737,1.07,9.192,11.9724,"Dec 2, 15",-0.34489601319485597
2015-12-03,12.9296,12.9296,12.65,12.8,1341,1341,0.09,0.708,12.8116,"Dec 3, 15",-0.34025719660850956
2015-12-04,12.97,12.97,12.48,12.55,21072,21072,-0.25,-1.953,12.5585,"Dec 4, 15",-0.3531427982372496
2015-12-07,,,,12.55,116,116,0,0,,"Dec 7, 15",-0.3531427982372496
2015-12-08,12.9,13.1,12.35,12.46,5721,5721,-0.09,-0.717,12.8867,"Dec 8, 15",-0.35778161482359605
2015-12-09,12.65,12.83,12.65,12.8,1089,1089,0.34,2.729,12.7912,"Dec 9, 15",-0.34025719660850956
2015-12-10,12.75,12.9,12.32,12.3201,4210,4210,-0.4799,-3.749,12.3971,"Dec 10, 15",-0.364992397495039
2015-12-11,12.05,12.05,11.1507,11.175,2278,2278,-1.1451,-9.295,11.4987,"Dec 11, 15",-0.4240136071953199
2015-12-14,11.7224,11.7224,11.16,11.39,797,797,0.215,1.924,11.4788,"Dec 14, 15",-0.41293198979460344
2015-12-15,11.6,11.6,10.4,10.76,2066,2066,-0.63,-5.531,11.0287,"Dec 15, 15",-0.4454037058990284
2015-12-16,10.85,10.8958,10.85,10.85,1288,1288,0.09,0.836,10.8653,"Dec 16, 15",-0.440764889312682
2015-12-17,10.535,10.975,10.1101,10.45,1142,1142,-0.4,-3.687,10.5978,"Dec 17, 15",-0.4613818519186661
2015-12-18,10.45,11,10.3,11,4494,4494,0.55,5.263,10.5352,"Dec 18, 15",-0.43303352833543796
2015-12-21,,,,11,140,140,0,0,,"Dec 21, 15",-0.43303352833543796
2015-12-22,10.75,10.7525,10.3,10.5001,1315,1315,-0.4999,-4.545,10.5647,"Dec 22, 15",-0.45879957735226656
2015-12-23,10.6,10.6,10.25,10.25,3440,3440,-0.2501,-2.382,10.304,"Dec 23, 15",-0.4716903332216581
2015-12-24,10.6,10.6,10.35,10.35,509,509,0.1,0.976,10.4175,"Dec 24, 15",-0.4665360925701621
2015-12-28,10.5,10.5,10.15,10.34,2507,2507,-0.01,-0.097,10.3454,"Dec 28, 15",-0.4670515166353117
2015-12-29,10.1,10.115,9.5,9.96,4687,4687,-0.38,-3.675,9.9524,"Dec 29, 15",-0.4866376311109965
2015-12-30,9.8001,9.8001,9.5,9.5,1580,1580,-0.46,-4.618,9.6697,"Dec 30, 15",-0.5103471381078782
2015-12-31,9.7,10.1,9.5,9.5,1213,1213,0,0,9.6147,"Dec 31, 15",-0.5103471381078782
2016-01-04,10,10.47,9.7,10.08,6122,6122,0.58,6.105,10.0149,"Jan 4, 16",-0.4804525423292013
2016-01-05,10.33,10.33,9.4,9.51,5267,5267,-0.57,-5.655,9.6316,"Jan 5, 16",-0.5098317140427286
2016-01-06,9.45,9.45,9.05,9.05,503,503,-0.46,-4.837,9.21,"Jan 6, 16",-0.5335412210396103
2016-01-07,9.46,9.46,8.52,8.99,1001,1001,-0.06,-0.663,9.054,"Jan 7, 16",-0.5366337654305079
2016-01-08,8.8,8.845,7.75,7.87,6876,6876,-1.12,-12.458,8.1332,"Jan 8, 16",-0.5943612607272633
2016-01-11,8.49,8.49,8,8.16,5175,5175,0.29,3.685,8.0615,"Jan 11, 16",-0.5794139628379249
2016-01-12,7.92,8.15,7.88,8.1,3862,3862,-0.06,-0.735,8.0117,"Jan 12, 16",-0.5825065072288225
2016-01-13,7.9,8.09,7.65,7.93,3191,3191,-0.17,-2.099,7.7942,"Jan 13, 16",-0.5912687163363657
2016-01-14,7.81,8.03,7.81,7.85,1518,1518,-0.08,-1.009,7.9246,"Jan 14, 16",-0.5953921088575626
2016-01-15,7.71,8.0699,7.71,7.83,2010,2010,-0.02,-0.255,7.7571,"Jan 15, 16",-0.5964229569878617
2016-01-19,8,8,7.76,7.97,886,886,0.14,1.788,7.8225,"Jan 19, 16",-0.5892070200757674
2016-01-20,8,8.59,7.79,8.02,8183,8183,0.05,0.627,8.0954,"Jan 20, 16",-0.5866298997500193
2016-01-21,8.02,8.09,7.05,7.61,11460,11460,-0.41,-5.112,7.6776,"Jan 21, 16",-0.607762286421153
2016-01-22,7.64,8.15,7.64,8.15,1592,1592,0.54,7.096,7.9278,"Jan 22, 16",-0.5799293869030745
2016-01-25,8.15,8.19,8.02,8.02,33715,33715,-0.13,-1.595,8.1498,"Jan 25, 16",-0.5866298997500193
2016-01-26,7.64,7.9,7.64,7.88,890,890,-0.14,-1.746,7.7683,"Jan 26, 16",-0.5938458366621138
2016-01-27,7.79,8.11,7.79,7.93,2131,2131,0.05,0.635,7.9147,"Jan 27, 16",-0.5912687163363657
2016-01-28,7.58,7.72,7.57,7.58,4958,4958,-0.35,-4.414,7.6155,"Jan 28, 16",-0.6093085586166018
2016-01-29,7.62,7.9,7.53,7.75,5177,5177,0.17,2.243,7.6162,"Jan 29, 16",-0.6005463495090585
2016-02-01,8.1696,8.1696,7.75,7.75,4957,4957,0,0,7.8231,"Feb 1, 16",-0.6005463495090585
2016-02-02,7.92,7.98,7.92,7.98,305,305,0.23,2.968,7.96,"Feb 2, 16",-0.5886915960106177
2016-02-03,7.52,7.98,7.52,7.7,517,517,-0.28,-3.509,7.7333,"Feb 3, 16",-0.6031234698348066
2016-02-04,7.82,7.88,7.82,7.88,343,343,0.18,2.338,7.85,"Feb 4, 16",-0.5938458366621138
2016-02-05,8,8.05,8,8.05,792,792,0.17,2.157,8.0217,"Feb 5, 16",-0.5850836275545704
2016-02-08,8.05,8.39,7.649,8.35,19484,19484,0.3,3.727,7.767,"Feb 8, 16",-0.5696209056000825
2016-02-09,8.07,8.47,8.07,8.47,530,530,0.12,1.437,8.265,"Feb 9, 16",-0.5634358168182871
2016-02-10,8.29,8.45,8.11,8.45,1439,1439,-0.02,-0.236,8.2383,"Feb 10, 16",-0.5644666649485864
2016-02-11,,,,8.45,268,268,0,0,,"Feb 11, 16",-0.5644666649485864
2016-02-12,7.79,7.91,7.79,7.91,222,222,-0.54,-6.391,7.85,"Feb 12, 16",-0.5922995644666649
2016-02-16,8.2,8.2,7.92,7.92,328,328,0.01,0.126,8.0133,"Feb 16, 16",-0.5917841404015153
2016-02-17,7.91,7.91,7.66,7.8684,5350,5350,-0.0516,-0.652,7.8295,"Feb 17, 16",-0.5944437285776872
2016-02-18,7.89,7.89,7.89,7.89,100,100,0.0216,0.275,7.89,"Feb 18, 16",-0.5933304125969641
2016-02-19,8.26,8.3,8.1627,8.1627,679,679,0.2727,3.456,8.2037,"Feb 19, 16",-0.5792747983403346
2016-02-22,8.38,8.38,8.38,8.38,164,164,0.2173,2.662,8.38,"Feb 22, 16",-0.5680746334046336
2016-02-23,7.98,8.35,7.93,8.35,1678,1678,-0.03,-0.358,8.2529,"Feb 23, 16",-0.5696209056000825
2016-02-24,8,8,8,8,108,108,-0.35,-4.192,8,"Feb 24, 16",-0.5876607478803185
2016-02-25,8,8.4356,8,8.43,1445,1445,0.43,5.375,8.2995,"Feb 25, 16",-0.5654975130788856
2016-02-26,8.4499,8.4499,8.25,8.4,1425,1425,-0.03,-0.356,8.3119,"Feb 26, 16",-0.5670437852743344
2016-02-29,8.3,8.3,8.3,8.3,563,563,-0.1,-1.19,8.3,"Feb 29, 16",-0.5721980259258304
2016-03-01,,,,8.3,64,64,0,0,,"Mar 1, 16",-0.5721980259258304
2016-03-02,8.38,8.38,8.38,8.38,162,162,0.08,0.964,8.38,"Mar 2, 16",-0.5680746334046336
2016-03-03,8.4,8.4,8.4,8.4,488,488,0.02,0.239,8.4,"Mar 3, 16",-0.5670437852743344
2016-03-04,8.32,9.82,8.3,9.82,6114,6114,1.42,16.905,8.7857,"Mar 4, 16",-0.49385356802309094
2016-03-07,9.67,9.99,9.6348,9.99,761,761,0.17,1.731,9.7709,"Mar 7, 16",-0.4850913589155477
2016-03-08,9.41,9.41,9.4,9.4,364,364,-0.59,-5.906,9.405,"Mar 8, 16",-0.5155013787593742
2016-03-09,9.1,9.25,9.1,9.25,417,417,-0.15,-1.596,9.1387,"Mar 9, 16",-0.5232327397366183
2016-03-10,9.55,9.55,9.55,9.55,214,214,0.3,3.243,9.55,"Mar 10, 16",-0.5077700177821302
2016-03-11,,,,9.55,28,28,0,0,,"Mar 11, 16",-0.5077700177821302
2016-03-14,9.97,9.97,9.1,9.58,1132,1132,0.03,0.314,9.3958,"Mar 14, 16",-0.5062237455866814
2016-03-16,,,,9.58,7,7,0,0,,"Mar 16, 16",-0.5062237455866814
2016-03-17,9.5,9.5,9,9.29,4464,4464,-0.29,-3.027,9.255,"Mar 17, 16",-0.52117104347602
2016-03-18,9.45,9.45,9.45,9.45,127,127,0.16,1.722,9.45,"Mar 18, 16",-0.5129242584336263
2016-03-21,8.9,9.2,8.9,9.15,2928,2928,-0.3,-3.175,8.9907,"Mar 21, 16",-0.5283869803881143
2016-03-22,9.02,9.1098,8.9371,8.9371,1540,1540,-0.2129,-2.327,9.0219,"Mar 22, 16",-0.5393603587351493
2016-03-23,8.5,8.7,8.5,8.7,1421,1421,-0.2371,-2.653,8.5144,"Mar 23, 16",-0.5515810633198464
2016-03-24,8.7,8.7,8.6999,8.6999,402,402,-0.0001,-0.001,8.6999,"Mar 24, 16",-0.5515862175604979
2016-03-28,8.25,8.25,8.25,8.25,102,102,-0.4499,-5.171,8.25,"Mar 28, 16",-0.5747751462515784
2016-03-29,8.57,8.57,8.01,8.01,1197,1197,-0.24,-2.909,8.2008,"Mar 29, 16",-0.5871453238151689
2016-03-30,8,9.04,8,8.8315,4161,4161,0.8215,10.256,8.6493,"Mar 30, 16",-0.5448032368631291
2016-03-31,9.2,9.63,9.2,9.29,2494,2494,0.4585,5.192,9.3465,"Mar 31, 16",-0.52117104347602
2016-04-01,8.91,9.1721,8.85,9.09,2262,2262,-0.2,-2.153,8.9355,"Apr 1, 16",-0.531479524779012
2016-04-04,,,,9.09,118,118,0,0,,"Apr 4, 16",-0.531479524779012
2016-04-05,9.08,10.49,9.08,10.49,826,826,1.4,15.402,9.4428,"Apr 5, 16",-0.4593201556580676
2016-04-06,10.95,10.95,10.7025,10.8096,1265,1265,0.3196,3.047,10.8735,"Apr 6, 16",-0.4428472025358864
2016-04-07,10.74,10.9983,10.53,10.9983,5791,5791,0.1887,1.746,10.79,"Apr 7, 16",-0.43312115042651333
2016-04-08,10.5,10.51,10.5,10.51,610,610,-0.4883,-4.44,10.5059,"Apr 8, 16",-0.4582893075277684
2016-04-11,10.9,10.9,10.65,10.65,380,380,0.14,1.332,10.7667,"Apr 11, 16",-0.451073370615674
2016-04-12,10.87,10.87,10.75,10.75,306,306,0.1,0.939,10.83,"Apr 12, 16",-0.445919129964178
2016-04-13,10.65,10.76,10.1,10.56,6819,6819,-0.19,-1.767,10.2781,"Apr 13, 16",-0.4557121872020204
2016-04-14,10.69,10.87,10.021,10.0215,12892,12892,-0.5385,-5.099,10.5813,"Apr 14, 16",-0.4834677731103265
2016-04-15,10.05,10.4,9.91,10.12,751,751,0.0985,0.983,10.1445,"Apr 15, 16",-0.47839084606860294
2016-04-18,9.955,10.6489,9.89,9.89,1262,1262,-0.23,-2.273,10.2287,"Apr 18, 16",-0.4902455995670437
2016-04-19,9.72,10.43,9.72,10.43,1201,1201,0.54,5.46,9.9514,"Apr 19, 16",-0.4624127000489653
2016-04-20,10.05,10.4091,9.81,9.81,1760,1760,-0.62,-5.944,10.1203,"Apr 20, 16",-0.49436899208824053
2016-04-21,9.79,10.13,9.79,10.13,510,510,0.32,3.262,9.8567,"Apr 21, 16",-0.4778754220034533
2016-04-22,10.2853,10.2853,10.25,10.25,349,349,0.12,1.185,10.2735,"Apr 22, 16",-0.4716903332216581
2016-04-25,,,,10.25,0,0,0,0,,"Apr 25, 16",-0.4716903332216581
2016-04-26,10.25,10.5,10.25,10.5,1062,1062,0.25,2.439,10.3021,"Apr 26, 16",-0.458804731592918
2016-04-27,,,,10.5,101,101,0,0,,"Apr 27, 16",-0.458804731592918
2016-04-28,10.9,10.9,10.78,10.78,1209,1209,0.28,2.667,10.868,"Apr 28, 16",-0.4443728577687292
2016-04-29,10.77,10.78,10.67,10.67,1565,1565,-0.11,-1.02,10.7185,"Apr 29, 16",-0.4500425224853748
2016-05-02,10.6076,10.6076,10.41,10.5896,831,831,-0.0804,-0.754,10.4969,"May 2, 16",-0.4541865319691776
2016-05-03,,,,10.5896,53,53,0,0,,"May 3, 16",-0.4541865319691776
2016-05-04,10.49,10.4999,10.49,10.4999,253,253,-0.0897,-0.847,10.4957,"May 4, 16",-0.4588098858335695
2016-05-05,,,,10.4999,0,0,0,0,,"May 5, 16",-0.4588098858335695
2016-05-06,,,,10.4999,252,252,0,0,,"May 6, 16",-0.4588098858335695
2016-05-09,,,,10.4999,0,0,0,0,,"May 9, 16",-0.4588098858335695
2016-05-10,10.5095,10.51,10.41,10.41,1476,1476,-0.0899,-0.856,10.4969,"May 10, 16",-0.4634435481792644
2016-05-11,10.39,10.41,10.39,10.41,435,435,0,0,10.4033,"May 11, 16",-0.4634435481792644
2016-05-12,10.15,10.15,9.99,9.99,512,512,-0.42,-4.035,10.0636,"May 12, 16",-0.4850913589155477
2016-05-13,10.25,10.357,10.2,10.2,685,685,0.21,2.102,10.2516,"May 13, 16",-0.4742674535474061
2016-05-16,,,,10.2,0,0,0,0,,"May 16, 16",-0.4742674535474061
2016-05-17,10.3804,10.3804,10.07,10.07,1662,1662,-0.13,-1.275,10.3087,"May 17, 16",-0.4809679663943509
2016-05-18,9.99,10.26,9.75,10.26,1096,1096,0.19,1.887,9.8995,"May 18, 16",-0.4711749091565085
2016-05-19,10,10.1,9.7501,9.8,14545,14545,-0.46,-4.483,9.9477,"May 19, 16",-0.4948844161533901
2016-05-20,9.99,10.0877,9.81,9.81,1243,1243,0.01,0.102,9.8815,"May 20, 16",-0.49436899208824053
2016-05-23,9.7515,9.7515,9.5,9.5,1539,1539,-0.31,-3.16,9.7157,"May 23, 16",-0.5103471381078782
2016-05-24,10.05,10.19,9.6,10.03,7036,7036,0.53,5.579,9.9114,"May 24, 16",-0.48302966265494934
2016-05-25,9.64,9.94,9.5001,9.94,1433,1433,-0.09,-0.897,9.6184,"May 25, 16",-0.48766847924129575
2016-05-26,,,,9.94,1,1,0,0,,"May 26, 16",-0.48766847924129575
2016-05-27,9.63,9.7737,9.5,9.725,2052,2052,-0.215,-2.163,9.6309,"May 27, 16",-0.4987500966420122
2016-05-31,,,,9.725,1,1,0,0,,"May 31, 16",-0.4987500966420122
2016-06-01,9.6395,9.8,9.5,9.5,533,533,-0.225,-2.314,9.6439,"Jun 1, 16",-0.5103471381078782
2016-06-02,9.16,9.3,9.16,9.2,1953,1953,-0.3,-3.158,9.2114,"Jun 2, 16",-0.5258098600623663
2016-06-03,,,,9.2,119,119,0,0,,"Jun 3, 16",-0.5258098600623663
2016-06-06,9.48,9.5,9.29,9.29,1966,1966,0.09,0.978,9.4089,"Jun 6, 16",-0.52117104347602
2016-06-07,9.4,9.75,9.4,9.75,1817,1817,0.46,4.952,9.5364,"Jun 7, 16",-0.49746153647913816
2016-06-08,9.7499,10.19,9.7499,9.94,10682,10682,0.19,1.949,9.9898,"Jun 8, 16",-0.48766847924129575
2016-06-09,9.8,9.83,9.8,9.83,433,433,-0.11,-1.107,9.8139,"Jun 9, 16",-0.49333814395794134
2016-06-10,10.04,10.2264,10,10,1570,1570,0.17,1.729,10.0433,"Jun 10, 16",-0.4845759348503981
2016-06-13,10.4,10.4,9.52,9.7,2431,2431,-0.3,-3,9.9112,"Jun 13, 16",-0.5000386568048862
2016-06-14,9.69,9.93,9.26,9.6,7171,7171,-0.1,-1.031,9.7176,"Jun 14, 16",-0.5051928974563822
2016-06-15,9.25,9.76,9.25,9.55,2199,2199,-0.05,-0.521,9.5407,"Jun 15, 16",-0.5077700177821302
2016-06-16,9.25,9.66,9.25,9.6201,846,846,0.0701,0.734,9.4625,"Jun 16, 16",-0.5041568950854315
2016-06-17,9.571,10.26,9.571,10.26,10414,10414,0.6399,6.652,10.1201,"Jun 17, 16",-0.4711749091565085
2016-06-20,9.76,9.98,9.76,9.97,974,974,-0.29,-2.827,9.9333,"Jun 20, 16",-0.4861222070458469
2016-06-21,10.13,10.13,10.13,10.13,212,212,0.16,1.605,10.13,"Jun 21, 16",-0.4778754220034533
2016-06-22,10.19,10.19,10.19,10.19,445,445,0.06,0.592,10.19,"Jun 22, 16",-0.4747828776125557
2016-06-23,10.19,10.19,10,10,7317,7317,-0.19,-1.865,10.0225,"Jun 23, 16",-0.4845759348503981
2016-06-24,9.4001,9.4001,9.4001,9.4001,222,222,-0.5999,-5.999,9.4001,"Jun 24, 16",-0.5154962245187228
2016-06-27,9.6,9.615,9.6,9.615,2830,2830,0.2149,2.286,9.6021,"Jun 27, 16",-0.5044197613586577
2016-06-28,9.52,10.1999,9.52,10.1999,2663,2663,0.5849,6.083,9.6943,"Jun 28, 16",-0.47427260778805763
2016-06-29,10,10.25,9.6,9.6,3210,3210,-0.5999,-5.881,9.9835,"Jun 29, 16",-0.5051928974563822
2016-06-30,9.57,10.0021,9.57,10.0021,984,984,0.4021,4.189,9.7621,"Jun 30, 16",-0.48446769579671667
2016-07-01,9.72,9.72,9.69,9.69,568,568,-0.3121,-3.12,9.7125,"Jul 1, 16",-0.5005540808700358
2016-07-05,9.3,9.48,9.3,9.37,2900,2900,-0.32,-3.302,9.3937,"Jul 5, 16",-0.5170476509548231
2016-07-06,9.3599,9.36,9.0005,9.25,4231,4231,-0.12,-1.281,9.294,"Jul 6, 16",-0.5232327397366183
2016-07-07,9.25,9.3,9.0001,9.21,4400,4400,-0.04,-0.432,9.1946,"Jul 7, 16",-0.5252944359972166
2016-07-08,9.2,9.37,9,9,19866,19866,-0.21,-2.28,9.2019,"Jul 8, 16",-0.5361183413653583
2016-07-11,9.05,9.05,8.81,8.85,1633,1633,-0.15,-1.667,8.92,"Jul 11, 16",-0.5438497023426023
2016-07-12,9,9,8.7,9,4417,4417,0.15,1.695,8.99,"Jul 12, 16",-0.5361183413653583
2016-07-13,8.52,8.75,8.45,8.45,1945,1945,-0.55,-6.111,8.5547,"Jul 13, 16",-0.5644666649485864
2016-07-14,8.7,8.7,8.1,8.1,2818,2818,-0.35,-4.142,8.3372,"Jul 14, 16",-0.5825065072288225
2016-07-15,8.16,8.7,8.16,8.23,26264,26264,0.13,1.605,8.2582,"Jul 15, 16",-0.5758059943818776
2016-07-18,8.23,8.31,8.23,8.31,7417,7417,0.08,0.972,8.2321,"Jul 18, 16",-0.5716826018606809
2016-07-19,8.3386,8.395,8.3386,8.395,869,869,0.085,1.023,8.374,"Jul 19, 16",-0.5673014973069093
2016-07-20,8.26,8.3687,8.23,8.3456,3221,3221,-0.0494,-0.588,8.2723,"Jul 20, 16",-0.5698476921887483
2016-07-21,8.55,8.55,8.265,8.4,1975,1975,0.0544,0.652,8.4361,"Jul 21, 16",-0.5670437852743344
2016-07-22,8.33,8.33,8.33,8.33,674,674,-0.07,-0.833,8.33,"Jul 22, 16",-0.5706517537303817
2016-07-25,8.45,9,8.4,9,5093,5093,0.67,8.043,8.5841,"Jul 25, 16",-0.5361183413653583
2016-07-26,9.05,9.05,8.58,8.58,4620,4620,-0.42,-4.667,8.8614,"Jul 26, 16",-0.5577661521016416
2016-07-27,8.5,8.5,8.18,8.21,12196,12196,-0.37,-4.312,8.2749,"Jul 27, 16",-0.5768368425121768
2016-07-28,8.2001,8.67,8.2001,8.57,706,706,0.36,4.385,8.5429,"Jul 28, 16",-0.5582815761667912
2016-07-29,,,,8.57,0,0,0,0,,"Jul 29, 16",-0.5582815761667912
2016-08-01,8.26,8.4,8.1243,8.18,5716,5716,-0.39,-4.551,8.2669,"Aug 1, 16",-0.5783831147076257
2016-08-02,8.5,8.7,8.27,8.4005,3476,3476,0.2205,2.696,8.4314,"Aug 2, 16",-0.567018014071077
2016-08-03,8.4428,8.74,8.4,8.4001,1301,1301,-0.0004,-0.005,8.468,"Aug 3, 16",-0.5670386310336829
2016-08-04,8.31,8.31,8.3,8.3,520,520,-0.1001,-1.192,8.306,"Aug 4, 16",-0.5721980259258304
2016-08-05,8.27,8.57,8.27,8.42,984,984,0.12,1.446,8.4113,"Aug 5, 16",-0.5660129371440352
2016-08-08,8.23,8.31,8.23,8.286,1693,1693,-0.134,-1.591,8.275,"Aug 8, 16",-0.57291961961704
2016-08-09,8.308,8.62,8.271,8.5,12128,12128,0.214,2.583,8.4406,"Aug 9, 16",-0.5618895446228384
2016-08-10,8,8,7.2801,7.33,42634,42634,-1.17,-13.765,7.4779,"Aug 10, 16",-0.6221941602453418
2016-08-11,7.325,7.325,7.25,7.25,3597,3597,-0.08,-1.091,7.2834,"Aug 11, 16",-0.6263175527665387
2016-08-12,7.4,7.4,7.03,7.03,4978,4978,-0.22,-3.034,7.1094,"Aug 12, 16",-0.6376568821998299
2016-08-15,7.0377,7.0377,6.6601,6.79,2124,2124,-0.24,-3.414,6.8602,"Aug 15, 16",-0.6500270597634203
2016-08-16,6.72,6.79,6.36,6.5456,16465,16465,-0.2444,-3.599,6.5675,"Aug 16, 16",-0.6626240239156765
2016-08-17,6.41,6.63,6.25,6.63,2711,2711,0.0844,1.289,6.4714,"Aug 17, 16",-0.658273844805814
2016-08-18,6.52,6.5899,6.25,6.4587,4594,4594,-0.1713,-2.584,6.4223,"Aug 18, 16",-0.6671030590418267
2016-08-19,6.4171,6.4769,6.4171,6.4769,1767,1767,0.0182,0.282,6.447,"Aug 19, 16",-0.6661649872432543
2016-08-22,6.4975,6.499,6.25,6.3282,4461,4461,-0.1487,-2.296,6.4409,"Aug 22, 16",-0.673829343092029
2016-08-23,6.26,6.4711,6.2501,6.47,4435,4435,0.1418,2.241,6.3649,"Aug 23, 16",-0.6665206298482077
2016-08-24,6.5199,6.55,6.51,6.53,14438,14438,0.06,0.927,6.5294,"Aug 24, 16",-0.6634280854573099
2016-08-25,6.53,6.53,6.5,6.51,8617,8617,-0.02,-0.306,6.5191,"Aug 25, 16",-0.6644589335876092
2016-08-26,6.503,6.55,6.5,6.51,9325,9325,0,0,6.5239,"Aug 26, 16",-0.6644589335876092
2016-08-29,6.51,6.7299,6.4829,6.551,56204,56204,0.041,0.63,6.5067,"Aug 29, 16",-0.6623456949204958
2016-08-30,6.5499,6.7,6.51,6.5841,22664,22664,0.0331,0.505,6.5793,"Aug 30, 16",-0.6606396412648506
2016-08-31,6.55,6.55,6.51,6.55,3714,3714,-0.0341,-0.518,6.5375,"Aug 31, 16",-0.6623972373270107
2016-09-01,6.5,6.5,6.48,6.5,1936,1936,-0.05,-0.763,6.4956,"Sep 1, 16",-0.6649743576527588
2016-09-02,6.5,6.51,6.4662,6.51,7140,7140,0.01,0.154,6.5026,"Sep 2, 16",-0.6644589335876092
2016-09-06,6.69,6.72,6.46,6.55,5195,5195,0.04,0.614,6.6641,"Sep 6, 16",-0.6623972373270107
2016-09-07,6.55,6.72,6.26,6.29,4285,4285,-0.26,-3.969,6.5493,"Sep 7, 16",-0.6757982630209005
2016-09-08,6.55,6.6999,6.55,6.69,75825,75825,0.4,6.359,6.6481,"Sep 8, 16",-0.6551813004149163
2016-09-09,6.6,6.89,6.51,6.89,10582,10582,0.2,2.99,6.6819,"Sep 9, 16",-0.6448728191119243
2016-09-12,6.45,7.48,6.45,7.48,115661,115661,0.59,8.563,6.764,"Sep 12, 16",-0.6144627992680978
2016-09-13,7.56,7.88,7.23,7.49,8952,8952,0.01,0.134,7.4185,"Sep 13, 16",-0.6139473752029482
2016-09-14,7.64,7.64,7.4357,7.59,8243,8243,0.1,1.335,7.5502,"Sep 14, 16",-0.6087931345514522
2016-09-15,7.6,8.1,7.53,8,14470,14470,0.41,5.402,7.8378,"Sep 15, 16",-0.5876607478803185
2016-09-16,8.15,8.9,8.05,8.9,15231,15231,0.9,11.25,8.4713,"Sep 16, 16",-0.5412725820168544
2016-09-19,8.9,9.27,8.89,9.18,10678,10678,0.28,3.146,9.1093,"Sep 19, 16",-0.5268407081926655
2016-09-20,9.17,9.78,9.1,9.7284,33463,33463,0.5484,5.974,9.35,"Sep 20, 16",-0.4985748524598613
2016-09-21,9.4,9.5,9.3775,9.4,25256,25256,-0.3284,-3.376,9.4175,"Sep 21, 16",-0.5155013787593742
2016-09-22,9.4,9.46,9.4,9.4566,18367,18367,0.0566,0.602,9.4161,"Sep 22, 16",-0.5125840785506275
2016-09-23,9.4,9.48,9.4,9.45,4216,4216,-0.0066,-0.07,9.422,"Sep 23, 16",-0.5129242584336263
2016-09-26,9.38,9.5,9.32,9.43,5266,5266,-0.02,-0.212,9.4187,"Sep 26, 16",-0.5139551065639254
2016-09-27,9.45,9.54,9.43,9.54,5128,5128,0.11,1.166,9.4572,"Sep 27, 16",-0.5082854418472799
2016-09-28,9.8612,9.8612,9.8612,9.8612,262,262,0.3212,3.367,9.8612,"Sep 28, 16",-0.4917300208746746
2016-09-29,9.6721,10.4,9.65,9.96,8090,8090,0.0988,1.002,9.9979,"Sep 29, 16",-0.4866376311109965
2016-09-30,9.6,9.9129,9.6,9.9129,460,460,-0.0471,-0.473,9.7327,"Sep 30, 16",-0.48906527845785114
2016-10-03,10,10.41,9.99,10.36,3147,3147,0.4471,4.51,10.1145,"Oct 3, 16",-0.4660206685050125
2016-10-04,10.03,10.0785,9.46,9.46,6197,6197,-0.9,-8.687,9.8369,"Oct 4, 16",-0.5124088343684766
2016-10-05,9.61,9.7679,9.551,9.6405,3458,3458,0.1805,1.908,9.6371,"Oct 5, 16",-0.5031054299925264
2016-10-06,9.471,9.64,9.471,9.64,1976,1976,-0.0005,-0.005,9.4921,"Oct 6, 16",-0.5031312011957838
2016-10-10,9.95,9.95,9.46,9.46,562,562,-0.18,-1.867,9.6383,"Oct 10, 16",-0.5124088343684766
2016-10-11,9.03,9.092,9.02,9.03,2306,2306,-0.43,-4.545,9.037,"Oct 11, 16",-0.5345720691699095
2016-10-13,,,,9.03,114,114,0,0,,"Oct 13, 16",-0.5345720691699095
2016-10-14,9.14,9.14,8.73,8.73,3955,3955,-0.3,-3.322,8.9716,"Oct 14, 16",-0.5500347911243976
2016-10-17,8.97,9.12,8.95,9.12,2487,2487,0.39,4.467,9.0156,"Oct 17, 16",-0.5299332525835632
2016-10-18,,,,9.12,46,46,0,0,,"Oct 18, 16",-0.5299332525835632
2016-10-19,,,,9.12,7,7,0,0,,"Oct 19, 16",-0.5299332525835632
2016-10-20,,,,9.12,150,150,0,0,,"Oct 20, 16",-0.5299332525835632
2016-10-21,9.29,9.3,9.29,9.3,561,561,0.18,1.974,9.2982,"Oct 21, 16",-0.5206556194108702
2016-10-24,9.39,9.39,9.39,9.39,151,151,0.09,0.968,9.39,"Oct 24, 16",-0.5160168028245238
2016-10-25,9.3,10,9.3,10,2921,2921,0.61,6.496,9.8656,"Oct 25, 16",-0.4845759348503981
2016-10-26,9.95,10.2883,9.7906,10.28,9656,9656,0.28,2.8,9.9932,"Oct 26, 16",-0.4701440610262093
2016-10-27,10.28,10.2888,9.9602,10.25,3032,3032,-0.03,-0.292,10.1923,"Oct 27, 16",-0.4716903332216581
2016-10-28,10.2343,10.2343,10.2343,10.2343,361,361,-0.0157,-0.153,10.2343,"Oct 28, 16",-0.472499549003943
2016-10-31,10.45,10.45,10.25,10.3,903,903,0.0657,0.642,10.3625,"Oct 31, 16",-0.46911321289591
2016-11-01,9.81,9.81,9.8,9.8,599,599,-0.5,-4.854,9.8028,"Nov 1, 16",-0.4948844161533901
2016-11-03,9.54,9.54,9.54,9.54,227,227,-0.26,-2.653,9.54,"Nov 3, 16",-0.5082854418472799
2016-11-07,8.85,10.1,8.85,10.1,1922,1922,0.56,5.87,9.0222,"Nov 7, 16",-0.4794216941989021
2016-11-08,8.95,8.95,8.6,8.6,1502,1502,-1.5,-14.851,8.7595,"Nov 8, 16",-0.5567353039713424
2016-11-09,8.9,8.9,8.6,8.8,2924,2924,0.2,2.326,8.8071,"Nov 9, 16",-0.5464268226683503
2016-11-10,9.75,9.895,9.75,9.895,1328,1328,1.095,12.443,9.8828,"Nov 10, 16",-0.489987887534469
2016-11-14,9.7,10.05,9.7,10,26976,26976,0.105,1.061,9.7204,"Nov 14, 16",-0.4845759348503981
2016-11-15,9.9,9.9,9.75,9.75,461,461,-0.25,-2.5,9.7875,"Nov 15, 16",-0.49746153647913816
2016-11-16,9.7812,9.95,9.7812,9.95,1808,1808,0.2,2.051,9.8146,"Nov 16, 16",-0.48715305517614615
2016-11-17,9.8,9.9,9.75,9.75,600,600,-0.2,-2.01,9.8083,"Nov 17, 16",-0.49746153647913816
2016-11-18,10,10,9.9,9.9,764,764,0.15,1.538,9.9833,"Nov 18, 16",-0.4897301755018941
2016-11-21,9.8,10.85,9.8,10.8146,8812,8812,0.9146,9.238,10.4575,"Nov 21, 16",-0.44258949050331153
2016-11-22,10.676,11.75,10.3,10.5,2423,2423,-0.3146,-2.909,10.6481,"Nov 22, 16",-0.458804731592918
2016-11-23,10.25,10.5,9.85,9.95,2853,2853,-0.55,-5.238,10.324,"Nov 23, 16",-0.48715305517614615
2016-11-25,10.65,10.65,10.65,10.65,1140,1140,0.7,7.035,10.65,"Nov 25, 16",-0.451073370615674
2016-11-28,11.35,11.35,11.35,11.35,1024,1024,0.7,6.573,11.35,"Nov 28, 16",-0.41499368605520187
2016-11-29,11.35,11.4,11.025,11.1768,1642,1642,-0.1732,-1.526,11.2301,"Nov 29, 16",-0.423920830863593
2016-11-30,11.25,11.25,11.25,11.25,794,794,0.0732,0.655,11.25,"Nov 30, 16",-0.42014792670669787
2016-12-01,,,,11.25,123,123,0,0,,"Dec 1, 16",-0.42014792670669787
2016-12-02,11.1085,11.1085,10.505,11.1,868,868,-0.15,-1.333,10.6432,"Dec 2, 16",-0.42787928768394196
2016-12-05,10.805,11,10.805,10.95,1627,1627,-0.15,-1.351,10.8908,"Dec 5, 16",-0.435610648661186
2016-12-06,11,11.05,10.6,10.6,65044,65044,-0.35,-3.196,10.9939,"Dec 6, 16",-0.453650490941422
2016-12-07,10.2,10.2282,8.625,8.65,10171,10171,-1.95,-18.396,9.611,"Dec 7, 16",-0.5541581836455943
2016-12-08,9,9.4,8.8,9.1,732,732,0.45,5.202,9.0478,"Dec 8, 16",-0.5309641007138624
2016-12-09,8.85,9.1,8.65,9.1,5223,5223,0,0,8.8261,"Dec 9, 16",-0.5309641007138624
2016-12-12,9.1,9.1,8.65,8.8,2040,2040,-0.3,-3.297,8.861,"Dec 12, 16",-0.5464268226683503
2016-12-13,8.25,8.395,7.9,8.25,17822,17822,-0.55,-6.25,8.2029,"Dec 13, 16",-0.5747751462515784
2016-12-14,8.245,8.75,8.24,8.75,7590,7590,0.5,6.061,8.5319,"Dec 14, 16",-0.5490039429940984
2016-12-15,8.65,9.1,8.4,8.4,42005,42005,-0.35,-4,8.7005,"Dec 15, 16",-0.5670437852743344
2016-12-16,8.1,8.44,8,8.3,6016,6016,-0.1,-1.19,8.2396,"Dec 16, 16",-0.5721980259258304
2016-12-19,8.05,8.15,7.795,8.15,3419,3419,-0.15,-1.807,7.975,"Dec 19, 16",-0.5799293869030745
2016-12-20,8,8.2,7.65,8.0395,6024,6024,-0.1105,-1.356,7.9362,"Dec 20, 16",-0.5856248228229776
2016-12-21,7.7,7.945,7.4,7.75,15338,15338,-0.2895,-3.601,7.7255,"Dec 21, 16",-0.6005463495090585
2016-12-22,7.4962,7.85,7.45,7.455,8302,8302,-0.295,-3.806,7.678,"Dec 22, 16",-0.6157513594309718
2016-12-23,8.37,8.37,7.25,7.3874,6021,6021,-0.0676,-0.907,7.4776,"Dec 23, 16",-0.6192356261113832
2016-12-27,7.5,7.7085,7.0706,7.65,2139,2139,0.2626,3.555,7.4449,"Dec 27, 16",-0.6057005901605546
2016-12-28,7.85,7.85,7.35,7.35,3223,3223,-0.3,-3.922,7.5406,"Dec 28, 16",-0.6211633121150426
2016-12-29,7.35,7.35,7.35,7.35,1484,1484,0,0,7.35,"Dec 29, 16",-0.6211633121150426
2016-12-30,7.6,7.65,7.05,7.65,18929,18929,0.3,4.082,7.3286,"Dec 30, 16",-0.6057005901605546
2017-01-03,7.95,7.95,7.25,7.25,4230,4230,-0.4,-5.229,7.7915,"Jan 3, 17",-0.6263175527665387
2017-01-04,7.25,7.6,7.15,7.4,2981,2981,0.15,2.069,7.5152,"Jan 4, 17",-0.6185861917892946
2017-01-05,7.8,7.8,7.2148,7.6,1297,1297,0.2,2.703,7.5667,"Jan 5, 17",-0.6082777104863026
2017-01-09,7.5,7.5,7.2,7.45,1184,1184,-0.15,-1.974,7.3269,"Jan 9, 17",-0.6160090714635467
2017-01-10,7.55,7.8,7.305,7.5,4156,4156,0.05,0.671,7.4968,"Jan 10, 17",-0.6134319511377986
2017-01-11,7.35,7.35,7.3,7.3,418,418,-0.2,-2.667,7.325,"Jan 11, 17",-0.6237404324407906
2017-01-12,7.5,7.5,7.1708,7.1708,753,753,-0.1292,-1.77,7.453,"Jan 12, 17",-0.6303997113625235
2017-01-17,7.55,7.75,7.525,7.75,831,831,0.5792,8.077,7.5601,"Jan 17, 17",-0.6005463495090585
2017-01-18,7.9,7.9,7.35,7.35,915,915,-0.4,-5.161,7.7875,"Jan 18, 17",-0.6211633121150426
2017-01-19,7.5,7.5,7.5,7.5,946,946,0.15,2.041,7.5,"Jan 19, 17",-0.6134319511377986
2017-01-20,7.977,7.977,7.9,7.9,541,541,0.4,5.333,7.9385,"Jan 20, 17",-0.5928149885318145
2017-01-23,7.3,7.75,7.3,7.75,224,224,-0.15,-1.899,7.525,"Jan 23, 17",-0.6005463495090585
2017-01-24,7.6,7.7,7.55,7.625,733,733,-0.125,-1.613,7.5964,"Jan 24, 17",-0.6069891503234286
2017-01-25,7.7325,8.1,7.7,8.05,3001,3001,0.425,5.574,7.8499,"Jan 25, 17",-0.5850836275545704
2017-01-26,8.2614,8.55,8.15,8.5418,4509,4509,0.4918,6.109,8.401,"Jan 26, 17",-0.5597350720305131
2017-01-27,8.8314,8.8314,8.6687,8.6687,1111,1111,0.1269,1.486,8.7572,"Jan 27, 17",-0.5531943406437646
2017-01-30,8.3292,8.6,8.2,8.6,7975,7975,-0.0687,-0.793,8.2536,"Jan 30, 17",-0.5567353039713424
2017-01-31,8.2,8.35,8.2,8.35,1101,1101,-0.25,-2.907,8.25,"Jan 31, 17",-0.5696209056000825
2017-02-01,7.75,7.75,7.275,7.35,8053,8053,-1,-11.976,7.5327,"Feb 1, 17",-0.6211633121150426
2017-02-02,7.5,7.5,7.3497,7.35,1273,1273,0,0,7.4046,"Feb 2, 17",-0.6211633121150426
2017-02-03,7.6,8.05,7.45,7.8,7454,7454,0.45,6.122,7.829,"Feb 3, 17",-0.5979692291833105
2017-02-06,7.7,8,7.65,7.725,6734,6734,-0.075,-0.962,7.8793,"Feb 6, 17",-0.6018349096719325
2017-02-07,7.7,8,7.65,7.8,5938,5938,0.075,0.971,7.9237,"Feb 7, 17",-0.5979692291833105
2017-02-08,7.8,7.8,7.6674,7.6674,326,326,-0.1326,-1.7,7.7116,"Feb 8, 17",-0.6048037522871942
2017-02-09,7.7,7.7,7.3,7.3,233219,233219,-0.3674,-4.792,7.308,"Feb 9, 17",-0.6237404324407906
2017-02-10,7.65,8.1,7.65,8.1,4429,4429,0.8,10.959,7.9593,"Feb 10, 17",-0.5825065072288225
2017-02-13,8.15,8.6,8.15,8.2,957,957,0.1,1.235,8.4153,"Feb 13, 17",-0.5773522665773265
2017-02-14,8.2,8.85,8.2,8.85,4905,4905,0.65,7.927,8.5683,"Feb 14, 17",-0.5438497023426023
2017-02-15,9,9.4,9,9,2268,2268,0.15,1.695,9.0599,"Feb 15, 17",-0.5361183413653583
2017-02-16,9.31,9.8,9.31,9.5,3395,3395,0.5,5.556,9.658,"Feb 16, 17",-0.5103471381078782
2017-02-17,9.3,9.3,9.055,9.055,1215,1215,-0.445,-4.684,9.1886,"Feb 17, 17",-0.5332835090070355
2017-02-21,9.75,9.8,9.331,9.6,426,426,0.545,6.019,9.6071,"Feb 21, 17",-0.5051928974563822
2017-02-22,9.6947,9.6947,9.6947,9.6947,310,310,0.0947,0.986,9.6947,"Feb 22, 17",-0.5003118315594155
2017-02-23,,,,9.6947,10,10,0,0,,"Feb 23, 17",-0.5003118315594155
2017-02-24,9.75,9.75,8.9,9.25,2410,2410,-0.4447,-4.587,9.5275,"Feb 24, 17",-0.5232327397366183
2017-02-27,9.55,9.55,8.9,8.9,2201,2201,-0.35,-3.784,9.0676,"Feb 27, 17",-0.5412725820168544
2017-02-28,8.8,9.15,8.8,9.1,1184,1184,0.2,2.247,9.0416,"Feb 28, 17",-0.5309641007138624
2017-03-01,9.35,9.35,8.5,8.5,832,832,-0.6,-6.593,9.2083,"Mar 1, 17",-0.5618895446228384
2017-03-02,8.7,8.7,8.25,8.25,773,773,-0.25,-2.941,8.4231,"Mar 2, 17",-0.5747751462515784
2017-03-03,,,,8.25,101,101,0,0,,"Mar 3, 17",-0.5747751462515784
2017-03-06,8.05,8.1,8.05,8.05,3716,3716,-0.2,-2.424,8.0605,"Mar 6, 17",-0.5850836275545704
2017-03-07,8.05,8.05,8.05,8.05,100,100,0,0,8.05,"Mar 7, 17",-0.5850836275545704
2017-03-08,8.1403,8.5,8,8.25,27383,27383,0.2,2.484,8.2157,"Mar 8, 17",-0.5747751462515784
2017-03-09,8.15,8.65,8.1,8.2,22240,22240,-0.05,-0.606,8.4514,"Mar 9, 17",-0.5773522665773265
2017-03-10,8.05,8.55,8,8,8356,8356,-0.2,-2.439,8.4491,"Mar 10, 17",-0.5876607478803185
2017-03-13,8.35,8.35,8.2,8.3,4205,4205,0.3,3.75,8.3385,"Mar 13, 17",-0.5721980259258304
2017-03-14,8.1,8.1,7.6,8,24325,24325,-0.3,-3.614,7.8795,"Mar 14, 17",-0.5876607478803185
2017-03-15,8.25,8.925,8,8.4,21794,21794,0.4,5,8.4812,"Mar 15, 17",-0.5670437852743344
2017-03-16,8.05,8.55,8.025,8.25,25918,25918,-0.15,-1.786,8.2161,"Mar 16, 17",-0.5747751462515784
2017-03-17,8.3,8.3,8.3,8.3,1413,1413,0.05,0.606,8.3,"Mar 17, 17",-0.5721980259258304
2017-03-20,8.25,8.8,7.614,8.75,48753,48753,0.45,5.422,8.0714,"Mar 20, 17",-0.5490039429940984
2017-03-21,8.45,8.7,7.9,8.25,55926,55926,-0.5,-5.714,8.2761,"Mar 21, 17",-0.5747751462515784
2017-03-22,7.9,8.5,7.85,8.45,29773,29773,0.2,2.424,8.14,"Mar 22, 17",-0.5644666649485864
2017-03-23,8.46,8.8,8.46,8.55,4760,4760,0.1,1.183,8.6608,"Mar 23, 17",-0.5593124242970904
2017-03-24,8.15,8.35,8.15,8.35,989,989,-0.2,-2.339,8.2643,"Mar 24, 17",-0.5696209056000825
2017-03-27,8.25,8.675,8.2,8.65,22501,22501,0.3,3.593,8.4652,"Mar 27, 17",-0.5541581836455943
2017-03-28,,,,8.65,10,10,0,0,,"Mar 28, 17",-0.5541581836455943
2017-03-29,8.35,8.49,8.3,8.35,4258,4258,-0.3,-3.468,8.3885,"Mar 29, 17",-0.5696209056000825
2017-03-30,8.4776,8.4776,8.29,8.3245,4443,4443,-0.0255,-0.305,8.3157,"Mar 30, 17",-0.5709352369662138
2017-03-31,8.3,8.3,8.1,8.1,4369,4369,-0.2245,-2.697,8.2112,"Mar 31, 17",-0.5825065072288225
2017-04-03,7.755,8.05,7.75,7.8,2219,2219,-0.3,-3.704,7.8575,"Apr 3, 17",-0.5979692291833105
2017-04-04,7.75,7.9028,7.5,7.8,16104,16104,0,0,7.725,"Apr 4, 17",-0.5979692291833105
2017-04-05,7.65,7.8,7.6,7.6,4396,4396,-0.2,-2.564,7.657,"Apr 5, 17",-0.6082777104863026
2017-04-06,7.65,7.85,7.55,7.55,875,875,-0.05,-0.658,7.6454,"Apr 6, 17",-0.6108548308120505
2017-04-07,7.7175,7.7175,7.25,7.25,25048,25048,-0.3,-3.974,7.5118,"Apr 7, 17",-0.6263175527665387
2017-04-10,7.35,7.65,6.95,7.3,13377,13377,0.05,0.69,7.4467,"Apr 10, 17",-0.6237404324407906
2017-04-11,7.45,7.6,7.2,7.55,22757,22757,0.25,3.425,7.2935,"Apr 11, 17",-0.6108548308120505
2017-04-12,7.4,7.5,6.8,7.05,20753,20753,-0.5,-6.623,7.1356,"Apr 12, 17",-0.6366260340695307
2017-04-13,6.9,7.19,6.9,7.15,2835,2835,0.1,1.418,7.145,"Apr 13, 17",-0.6314717934180346
2017-04-17,7.15,7.65,7.15,7.5,10364,10364,0.35,4.895,7.3403,"Apr 17, 17",-0.6134319511377986
2017-04-18,7.575,7.95,7.5,7.95,2445,2445,0.45,6,7.5823,"Apr 18, 17",-0.5902378682060665
2017-04-19,8.45,8.45,7.6,8,7873,7873,0.05,0.629,8.1329,"Apr 19, 17",-0.5876607478803185
2017-04-20,7.85,7.95,7.8,7.95,1436,1436,-0.05,-0.625,7.8461,"Apr 20, 17",-0.5902378682060665
2017-04-21,7.8,7.8,7.8,7.8,186,186,-0.15,-1.887,7.8,"Apr 21, 17",-0.5979692291833105
2017-04-24,7.7,8.25,7.65,8.25,1702,1702,0.45,5.769,7.8077,"Apr 24, 17",-0.5747751462515784
2017-04-25,8.15,8.6,8.15,8.45,3238,3238,0.2,2.424,8.3437,"Apr 25, 17",-0.5644666649485864
2017-04-26,8.7,8.75,8.35,8.4083,5846,5846,-0.0417,-0.493,8.5377,"Apr 26, 17",-0.5666159833002602
2017-04-27,8.455,8.4625,8.1,8.15,3108,3108,-0.2583,-3.072,8.3762,"Apr 27, 17",-0.5799293869030745
2017-04-28,8.38,8.38,8.1,8.1,2042,2042,-0.05,-0.613,8.3472,"Apr 28, 17",-0.5825065072288225
2017-05-01,8.05,8.05,7.85,7.9,847,847,-0.2,-2.469,7.9371,"May 1, 17",-0.5928149885318145
2017-05-02,7.955,8,7.5,7.5,5588,5588,-0.4,-5.063,7.7662,"May 2, 17",-0.6134319511377986
2017-05-03,,,,7.5,30,30,0,0,,"May 3, 17",-0.6134319511377986
2017-05-04,7.65,7.65,7.65,7.65,104,104,0.15,2,7.65,"May 4, 17",-0.6057005901605546
2017-05-05,7.8,7.85,7.7,7.85,531,531,0.2,2.614,7.77,"May 5, 17",-0.5953921088575626
2017-05-08,7.7,7.8,7.3,7.3,9906,9906,-0.55,-7.006,7.5225,"May 8, 17",-0.6237404324407906
2017-05-09,7.3,7.3,6.85,6.95,6320,6320,-0.35,-4.795,7.1605,"May 9, 17",-0.6417802747210267
2017-05-10,7,7.1784,7,7.1784,2271,2271,0.2284,3.286,7.1664,"May 10, 17",-0.6300079890730098
2017-05-11,7.35,7.35,7.35,7.35,122,122,0.1716,2.391,7.35,"May 11, 17",-0.6211633121150426
2017-05-12,7,7,7,7,200,200,-0.35,-4.762,7,"May 12, 17",-0.6392031543952786
2017-05-15,7.25,7.65,7.1,7.15,5411,5411,0.15,2.143,7.3742,"May 15, 17",-0.6314717934180346
2017-05-16,7.15,7.5,7.15,7.45,1509,1509,0.3,4.196,7.2733,"May 16, 17",-0.6160090714635467
2017-05-17,,,,7.45,9,9,0,0,,"May 17, 17",-0.6160090714635467
2017-05-18,7.35,7.35,7.35,7.35,192,192,-0.1,-1.342,7.35,"May 18, 17",-0.6211633121150426
2017-05-19,7.35,7.35,7.25,7.25,780,780,-0.1,-1.361,7.3159,"May 19, 17",-0.6263175527665387
2017-05-22,7.2709,7.2709,7.2709,7.2709,217,217,0.0209,0.288,7.2709,"May 22, 17",-0.6252403164703759
2017-05-23,7.4,7.4,7.4,7.4,2001,2001,0.1291,1.776,7.4,"May 23, 17",-0.6185861917892946
2017-05-24,,,,7.4,91,91,0,0,,"May 24, 17",-0.6185861917892946
2017-05-25,7.3,7.3,7.3,7.3,869,869,-0.1,-1.351,7.3,"May 25, 17",-0.6237404324407906
2017-05-26,7.35,7.35,7.2,7.295,11062,11062,-0.005,-0.068,7.2845,"May 26, 17",-0.6239981444733654
2017-05-30,7.3066,7.8,7.3,7.5182,3487,3487,0.2232,3.06,7.35,"May 30, 17",-0.6124938793392263
2017-05-31,7.7,7.7,7.44,7.5778,3579,3579,0.0596,0.793,7.5206,"May 31, 17",-0.6094219519109347
2017-06-01,7.5325,7.64,7.25,7.25,4643,4643,-0.3278,-4.326,7.5436,"Jun 1, 17",-0.6263175527665387
2017-06-02,7.5,7.5,7.3,7.4736,1818,1818,0.2236,3.084,7.4538,"Jun 2, 17",-0.6147926706697935
2017-06-05,,,,7.4736,65,65,0,0,,"Jun 5, 17",-0.6147926706697935
2017-06-06,7.2,7.2,7.2,7.2,628,628,-0.2736,-3.661,7.2,"Jun 6, 17",-0.6288946730922866
2017-06-07,7.3151,7.3151,7.3151,7.3151,203,203,0.1151,1.599,7.3151,"Jun 7, 17",-0.6229621421024146
2017-06-08,7.35,7.35,7.3,7.3,2424,2424,-0.0151,-0.206,7.3105,"Jun 8, 17",-0.6237404324407906
2017-06-09,7.35,7.35,7.1,7.1,4932,4932,-0.2,-2.74,7.2531,"Jun 9, 17",-0.6340489137437827
2017-06-12,7.65,7.65,7.1,7.35,18532,18532,0.25,3.521,7.287,"Jun 12, 17",-0.6211633121150426
2017-06-13,7.2208,7.9,7.1,7.9,34296,34296,0.55,7.483,7.3806,"Jun 13, 17",-0.5928149885318145
2017-06-14,7.85,7.95,7.2,7.2,36166,36166,-0.7,-8.861,7.6735,"Jun 14, 17",-0.6288946730922866
2017-06-15,7.05,7.6,6.9,7.6,58132,58132,0.4,5.556,7.1791,"Jun 15, 17",-0.6082777104863026
2017-06-16,7.5,7.95,7.25,7.75,34543,34543,0.15,1.974,7.5863,"Jun 16, 17",-0.6005463495090585
2017-06-19,7.65,8,7.18,7.5,13648,13648,-0.25,-3.226,7.5035,"Jun 19, 17",-0.6134319511377986
2017-06-20,7.35,7.35,6.9,7.05,35225,35225,-0.45,-6,7.1155,"Jun 20, 17",-0.6366260340695307
2017-06-21,7.05,7.25,6.4,6.5,109397,109397,-0.55,-7.801,6.7262,"Jun 21, 17",-0.6649743576527588
2017-06-22,6.8,6.9,6.65,6.75,1977,1977,0.25,3.846,6.771,"Jun 22, 17",-0.6520887560240187
2017-06-23,6.7,7.2,6.65,7.2,2084,2084,0.45,6.667,6.8204,"Jun 23, 17",-0.6288946730922866
2017-06-26,6.85,6.85,6.6,6.7997,1457,1457,-0.4003,-5.56,6.759,"Jun 26, 17",-0.6495270984202253
2017-06-27,6.8,6.875,6.55,6.7,14343,14343,-0.0997,-1.466,6.7232,"Jun 27, 17",-0.6546658763497668
2017-06-28,6.7,6.95,6.5712,6.65,16175,16175,-0.05,-0.746,6.7081,"Jun 28, 17",-0.6572429966755148
2017-06-29,6.5198,6.7,6.5198,6.7,1663,1663,0.05,0.752,6.5874,"Jun 29, 17",-0.6546658763497668
2017-06-30,6.5,6.65,6.5,6.65,3984,3984,-0.05,-0.746,6.5713,"Jun 30, 17",-0.6572429966755148
2017-07-03,6.4,6.4,6.35,6.4,731,731,-0.25,-3.759,6.38,"Jul 3, 17",-0.6701285983042548
2017-07-05,6.65,6.995,6.65,6.995,2904,2904,0.595,9.297,6.9512,"Jul 5, 17",-0.6394608664278535
2017-07-06,6.6,7,6.55,6.85,4008,4008,-0.145,-2.073,6.6638,"Jul 6, 17",-0.6469345153725228
2017-07-07,6.855,6.855,6.65,6.7,3733,3733,-0.15,-2.19,6.807,"Jul 7, 17",-0.6546658763497668
2017-07-10,7.1885,7.1885,6.7,6.7,454,454,0,0,7.0203,"Jul 10, 17",-0.6546658763497668
2017-07-11,6.65,6.8,6.525,6.7,3004,3004,0,0,6.6693,"Jul 11, 17",-0.6546658763497668
2017-07-12,6.675,6.875,6.6,6.85,6206,6206,0.15,2.239,6.7201,"Jul 12, 17",-0.6469345153725228
2017-07-13,6.85,6.9,6.85,6.85,2835,2835,0,0,6.8679,"Jul 13, 17",-0.6469345153725228
2017-07-14,6.65,7,6.65,6.85,1361,1361,0,0,6.7672,"Jul 14, 17",-0.6469345153725228
2017-07-17,6.9699,6.9833,6.9699,6.9833,307,307,0.1333,1.946,6.9766,"Jul 17, 17",-0.6400639125840786
2017-07-18,,,,6.9833,2,2,0,0,,"Jul 18, 17",-0.6400639125840786
2017-07-20,,,,6.9833,21,21,0,0,,"Jul 20, 17",-0.6400639125840786
2017-07-21,6.85,6.85,6.85,6.85,992,992,-0.1333,-1.909,6.85,"Jul 21, 17",-0.6469345153725228
2017-07-24,6.5,6.8202,6.5,6.65,2263,2263,-0.2,-2.92,6.6555,"Jul 24, 17",-0.6572429966755148
2017-07-25,6.3,6.74,6.3,6.6,4067,4067,-0.05,-0.752,6.5927,"Jul 25, 17",-0.6598201170012628
2017-07-26,6.6,6.7,6.6,6.7,6605,6605,0.1,1.515,6.6283,"Jul 26, 17",-0.6546658763497668
2017-07-27,6.6,6.85,6.4,6.65,14047,14047,-0.05,-0.746,6.5688,"Jul 27, 17",-0.6572429966755148
2017-07-28,6.65,6.75,6.5525,6.7,15334,15334,0.05,0.752,6.6708,"Jul 28, 17",-0.6546658763497668
2017-07-31,6.8,6.8,6.5425,6.7,9907,9907,0,0,6.6312,"Jul 31, 17",-0.6546658763497668
2017-08-01,6.6667,6.738,6.6667,6.738,1533,1533,0.038,0.567,6.7095,"Aug 1, 17",-0.6527072649021983
2017-08-02,6.7045,6.7045,6.65,6.65,383,383,-0.088,-1.306,6.6752,"Aug 2, 17",-0.6572429966755148
2017-08-03,6.7,6.7072,6.6199,6.7072,5711,5711,0.0572,0.86,6.6944,"Aug 3, 17",-0.654294771022859
2017-08-04,6.6166,6.648,6.45,6.505,10988,10988,-0.2022,-3.015,6.5796,"Aug 4, 17",-0.6647166456201841
2017-08-07,6.5,6.7,6.5,6.5,1630,1630,-0.005,-0.077,6.5399,"Aug 7, 17",-0.6649743576527588
2017-08-08,6.5526,7,6.5,6.65,12598,12598,0.15,2.308,6.6744,"Aug 8, 17",-0.6572429966755148
2017-08-09,6.6,6.95,6.55,6.65,5419,5419,0,0,6.7778,"Aug 9, 17",-0.6572429966755148
2017-08-10,6.6,6.8502,6.5,6.6,6296,6296,-0.05,-0.752,6.6451,"Aug 10, 17",-0.6598201170012628
2017-08-11,6.3195,6.75,6.3195,6.45,3633,3633,-0.15,-2.273,6.4719,"Aug 11, 17",-0.6675514779785068
2017-08-14,6.3,6.3,6.3,6.3,310,310,-0.15,-2.326,6.3,"Aug 14, 17",-0.6752828389557508
2017-08-15,6.35,6.4,6.35,6.4,300,300,0.1,1.587,6.3667,"Aug 15, 17",-0.6701285983042548
2017-08-16,6.25,6.25,6.2,6.2,970,970,-0.2,-3.125,6.2268,"Aug 16, 17",-0.6804370796072469
2017-08-17,6.1,6.1923,6,6,1794,1794,-0.2,-3.226,6.0932,"Aug 17, 17",-0.6907455609102389
2017-08-18,5.6,5.7642,5.55,5.7642,681,681,-0.2358,-3.93,5.6098,"Aug 18, 17",-0.7028992603664665
2017-08-21,5.945,5.945,5.75,5.75,3165,3165,-0.0142,-0.246,5.8054,"Aug 21, 17",-0.703631162538979
2017-08-22,5.65,5.8,5.5675,5.75,8219,8219,0,0,5.6805,"Aug 22, 17",-0.703631162538979
2017-08-23,5.75,5.8265,5.6,5.7162,5629,5629,-0.0338,-0.588,5.7247,"Aug 23, 17",-0.7053732958791845
2017-08-24,5.55,5.85,5.5,5.85,6347,6347,0.1338,2.341,5.7316,"Aug 24, 17",-0.6984769218874829
2017-08-25,5.6,5.87,5.575,5.7,8987,8987,-0.15,-2.564,5.7248,"Aug 25, 17",-0.7062082828647269
2017-08-28,5.6,6.1,5.6,5.75,5577,5577,0.05,0.877,5.7839,"Aug 28, 17",-0.703631162538979
2017-08-29,5.8,5.8,5.75,5.8,9571,9571,0.05,0.87,5.7888,"Aug 29, 17",-0.7010540422132309
2017-08-30,5.6,5.65,5.575,5.6,1063,1063,-0.2,-3.448,5.6,"Aug 30, 17",-0.711362523516223
2017-08-31,5.95,5.95,5.5,5.5,510,510,-0.1,-1.786,5.6429,"Aug 31, 17",-0.7165167641677189
2017-09-01,5.85,5.85,5.85,5.85,475,475,0.35,6.364,5.85,"Sep 1, 17",-0.6984769218874829
2017-09-05,5.9,5.95,5.6,5.6,2047,2047,-0.25,-4.274,5.68,"Sep 5, 17",-0.711362523516223
2017-09-06,5.6,5.9,5.6,5.65,26222,26222,0.05,0.893,5.6107,"Sep 6, 17",-0.7087854031904749
2017-09-07,5.66,5.85,5.66,5.85,13073,13073,0.2,3.54,5.8408,"Sep 7, 17",-0.6984769218874829
2017-09-08,5.85,5.85,5.85,5.85,621,621,0,0,5.85,"Sep 8, 17",-0.6984769218874829
2017-09-11,5.85,5.85,5.85,5.85,265,265,0,0,5.85,"Sep 11, 17",-0.6984769218874829
2017-09-12,5.85,5.8537,5.75,5.75,15394,15394,-0.1,-1.709,5.8461,"Sep 12, 17",-0.703631162538979
2017-09-13,5.85,5.85,5.675,5.75,6145,6145,0,0,5.7835,"Sep 13, 17",-0.703631162538979
2017-09-14,5.85,5.85,5.65,5.65,857,857,-0.1,-1.739,5.7531,"Sep 14, 17",-0.7087854031904749
2017-09-15,5.8,5.85,5.5,5.5,4625,4625,-0.15,-2.655,5.7815,"Sep 15, 17",-0.7165167641677189
2017-09-18,5.7,5.85,5.55,5.7,7570,7570,0.2,3.636,5.7036,"Sep 18, 17",-0.7062082828647269
2017-09-19,5.65,6,5.65,5.9,8728,8728,0.2,3.509,5.8758,"Sep 19, 17",-0.6958998015617349
2017-09-20,5.9,5.95,5.9,5.95,3774,3774,0.05,0.847,5.9339,"Sep 20, 17",-0.693322681235987
2017-09-21,,,,5.95,146,146,0,0,,"Sep 21, 17",-0.693322681235987
2017-09-22,,,,5.95,96,96,0,0,,"Sep 22, 17",-0.693322681235987
2017-09-25,5.89,5.89,5.89,5.89,260,260,-0.06,-1.008,5.89,"Sep 25, 17",-0.6964152256268845
2017-09-26,5.605,5.8,5.605,5.75,870,870,-0.14,-2.377,5.7233,"Sep 26, 17",-0.703631162538979
2017-09-27,,,,5.75,25,25,0,0,,"Sep 27, 17",-0.703631162538979
2017-09-28,5.55,5.8,5.55,5.8,3940,3940,0.05,0.87,5.7339,"Sep 28, 17",-0.7010540422132309
2017-09-29,5.8672,6,5.7,5.7,4166,4166,-0.1,-1.724,5.94,"Sep 29, 17",-0.7062082828647269
2017-10-02,5.65,5.7788,5.64,5.71,6390,6390,0.01,0.175,5.7156,"Oct 2, 17",-0.7056928587995773
2017-10-03,5.9,6,5.75,5.8,7110,7110,0.09,1.576,5.9387,"Oct 3, 17",-0.7010540422132309
2017-10-04,,,,5.8,42,42,0,0,,"Oct 4, 17",-0.7010540422132309
2017-10-05,6,6.2,5.8,6,28926,28926,0.2,3.448,5.8339,"Oct 5, 17",-0.6907455609102389
2017-10-06,5.7,5.95,5.7,5.85,1033,1033,-0.15,-2.5,5.8135,"Oct 6, 17",-0.6984769218874829
2017-10-09,,,,5.85,17,17,0,0,,"Oct 9, 17",-0.6984769218874829
2017-10-10,5.8,6.25,5.8,6.25,2134,2134,0.4,6.838,6.0031,"Oct 10, 17",-0.6778599592814988
2017-10-11,6.15,6.15,6.05,6.05,1674,1674,-0.2,-3.2,6.1375,"Oct 11, 17",-0.6881684405844908
2017-10-12,6.15,6.15,6.1,6.1,12032,12032,0.05,0.826,6.1469,"Oct 12, 17",-0.6855913202587429
2017-10-13,6.15,6.7,6.022,6.51,27815,27815,0.41,6.721,6.3362,"Oct 13, 17",-0.6644589335876092
2017-10-16,6.65,6.7698,6.605,6.75,3014,3014,0.24,3.687,6.7393,"Oct 16, 17",-0.6520887560240187
2017-10-17,6.8,6.8,6.65,6.75,1584,1584,0,0,6.7153,"Oct 17, 17",-0.6520887560240187
2017-10-18,6.65,6.845,6.3,6.55,2434,2434,-0.2,-2.963,6.5829,"Oct 18, 17",-0.6623972373270107
2017-10-19,6.4,6.4,6.25,6.25,548,548,-0.3,-4.58,6.3125,"Oct 19, 17",-0.6778599592814988
2017-10-20,6.3,6.65,6.3,6.65,2543,2543,0.4,6.4,6.3254,"Oct 20, 17",-0.6572429966755148
2017-10-23,6.7,6.95,6.5,6.8155,6334,6334,0.1655,2.489,6.6113,"Oct 23, 17",-0.6487127283972889
2017-10-24,6.95,7,6.95,6.95,1634,1634,0.1345,1.973,6.9643,"Oct 24, 17",-0.6417802747210267
2017-10-25,6.75,6.8,6.6,6.8,2919,2919,-0.15,-2.158,6.6599,"Oct 25, 17",-0.6495116356982706
2017-10-26,,,,6.8,13,13,0,0,,"Oct 26, 17",-0.6495116356982706
2017-10-27,,,,6.8,22,22,0,0,,"Oct 27, 17",-0.6495116356982706
2017-10-30,,,,6.8,15,15,0,0,,"Oct 30, 17",-0.6495116356982706
2017-10-31,6.9,7.5,6.85,7.3,4437,4437,0.5,7.353,7.0504,"Oct 31, 17",-0.6237404324407906
2017-11-01,7.35,7.6032,7.1,7.1,7909,7909,-0.2,-2.74,7.3243,"Nov 1, 17",-0.6340489137437827
2017-11-02,7.35,7.35,7.35,7.35,145,145,0.25,3.521,7.35,"Nov 2, 17",-0.6211633121150426
2017-11-03,7.15,7.15,6.805,6.85,878,878,-0.5,-6.803,7.0077,"Nov 3, 17",-0.6469345153725228
2017-11-06,6.3791,7,6.3791,7,923,923,0.15,2.19,6.7726,"Nov 6, 17",-0.6392031543952786
2017-11-07,6.9815,6.9815,6.9815,6.9815,347,347,-0.0185,-0.264,6.9815,"Nov 7, 17",-0.6401566889158055
2017-11-08,7.15,7.15,7.15,7.15,202,202,0.1685,2.414,7.15,"Nov 8, 17",-0.6314717934180346
2017-11-09,7,7.25,7,7.25,505,505,0.1,1.399,7.1667,"Nov 9, 17",-0.6263175527665387
2017-11-10,7.1078,7.25,7.1078,7.25,3974,3974,0,0,7.2354,"Nov 10, 17",-0.6263175527665387
2017-11-13,7.05,7.1,7.05,7.1,393,393,-0.15,-2.069,7.0833,"Nov 13, 17",-0.6340489137437827
2017-11-14,7.05,7.05,7.05,7.05,918,918,-0.05,-0.704,7.05,"Nov 14, 17",-0.6366260340695307
2017-11-15,6.9765,6.9765,6.83,6.9265,1013,1013,-0.1235,-1.752,6.8999,"Nov 15, 17",-0.6429915212741282
2017-11-16,6.45,6.7,6.25,6.7,39062,39062,-0.2265,-3.27,6.3766,"Nov 16, 17",-0.6546658763497668
2017-11-17,6.672,6.672,6.55,6.55,415,415,-0.15,-2.239,6.581,"Nov 17, 17",-0.6623972373270107
2017-11-20,6.7,6.877,6.595,6.877,2030,2030,0.327,4.992,6.7893,"Nov 20, 17",-0.6455428703966188
2017-11-21,6.85,7,6.805,6.805,1790,1790,-0.072,-1.047,6.8566,"Nov 21, 17",-0.6492539236656959
2017-11-22,6.7769,6.7769,6.7769,6.7769,599,599,-0.0281,-0.413,6.7769,"Nov 22, 17",-0.6507022652887663
2017-11-24,6.75,6.75,6.75,6.75,201,201,-0.0269,-0.397,6.75,"Nov 24, 17",-0.6520887560240187
2017-11-27,,,,6.75,83,83,0,0,,"Nov 27, 17",-0.6520887560240187
2017-11-28,6.55,6.75,6.55,6.75,408,408,0,0,6.6822,"Nov 28, 17",-0.6520887560240187
2017-11-29,6.95,7.45,6.95,7.45,6823,6823,0.7,10.37,7.2098,"Nov 29, 17",-0.6160090714635467
2017-11-30,7.4,7.4,7.4,7.4,307,307,-0.05,-0.671,7.4,"Nov 30, 17",-0.6185861917892946
2017-12-01,7.3747,7.3747,7.3747,7.3747,637,637,-0.0253,-0.342,7.3747,"Dec 1, 17",-0.6198902146741231
2017-12-04,7.6753,7.7755,7.6753,7.7755,1114,1114,0.4008,5.435,7.7254,"Dec 4, 17",-0.599232018142927
2017-12-05,7.95,7.95,6.9,7,2417,2417,-0.7755,-9.974,7.1419,"Dec 5, 17",-0.6392031543952786
2017-12-06,7.05,7.05,7,7,620,620,0,0,7.0251,"Dec 6, 17",-0.6392031543952786
2017-12-07,,,,7,50,50,0,0,,"Dec 7, 17",-0.6392031543952786
2017-12-08,7.045,7.088,7.045,7.088,223,223,0.088,1.257,7.0665,"Dec 8, 17",-0.6346674226219622
2017-12-11,7.25,7.25,6.9934,7,1373,1373,-0.088,-1.242,7.064,"Dec 11, 17",-0.6392031543952786
2017-12-12,7.1536,7.1536,6.95,6.96,1051,1051,-0.04,-0.571,6.9785,"Dec 12, 17",-0.641264850655877
2017-12-13,7,7,7,7,669,669,0.04,0.575,7,"Dec 13, 17",-0.6392031543952786
2017-12-14,7,7,6.7,6.8,3707,3707,-0.2,-2.857,6.8901,"Dec 14, 17",-0.6495116356982706
2017-12-15,6.75,6.75,6.6,6.6,4468,4468,-0.2,-2.941,6.6751,"Dec 15, 17",-0.6598201170012628
2017-12-18,6.5,6.5769,6.5,6.5769,1602,1602,-0.0231,-0.35,6.508,"Dec 18, 17",-0.6610107465917583
2017-12-19,,,,6.5769,15,15,0,0,,"Dec 19, 17",-0.6610107465917583
2017-12-20,6.5,6.55,6.5,6.545,5718,5718,-0.0319,-0.485,6.5075,"Dec 20, 17",-0.6626549493595856
2017-12-21,6.7173,6.7575,6.7075,6.7575,2664,2664,0.2125,3.247,6.7325,"Dec 21, 17",-0.6517021879751566
2017-12-22,6.51,6.7,6.5,6.7,666,666,-0.0575,-0.851,6.545,"Dec 22, 17",-0.6546658763497668
2017-12-26,6.6,6.6,6.25,6.25,9270,9270,-0.45,-6.716,6.3427,"Dec 26, 17",-0.6778599592814988
2017-12-27,6.495,6.5,6.25,6.35,5823,5823,0.1,1.6,6.361,"Dec 27, 17",-0.6727057186300028
2017-12-28,6.64,6.64,6.45,6.5,1525,1525,0.15,2.362,6.4768,"Dec 28, 17",-0.6649743576527588
2017-12-29,6.45,6.6503,6.45,6.6503,1374,1374,0.1503,2.312,6.5122,"Dec 29, 17",-0.6572275339535603
2018-01-02,6.5,6.5,6.5,6.5,315,315,-0.1503,-2.26,6.5,"Jan 2, 18",-0.6649743576527588
2018-01-03,6.62,6.8,6.3918,6.8,13256,13256,0.3,4.615,6.5145,"Jan 3, 18",-0.6495116356982706
2018-01-04,6.85,6.85,6.5,6.5,585,585,-0.3,-4.412,6.6333,"Jan 4, 18",-0.6649743576527588
2018-01-05,6.505,6.55,6.5,6.5,7306,7306,0,0,6.5008,"Jan 5, 18",-0.6649743576527588
2018-01-08,6.5,6.7329,6.3857,6.5,9146,9146,0,0,6.5304,"Jan 8, 18",-0.6649743576527588
2018-01-09,6.75,6.75,6.75,6.75,375,375,0.25,3.846,6.75,"Jan 9, 18",-0.6520887560240187
2018-01-10,6.55,6.55,6.55,6.55,330,330,-0.2,-2.963,6.55,"Jan 10, 18",-0.6623972373270107
2018-01-11,6.35,6.6118,6.35,6.55,3329,3329,0,0,6.549,"Jan 11, 18",-0.6623972373270107
2018-01-12,6.41,6.41,6.41,6.41,1043,1043,-0.14,-2.137,6.41,"Jan 12, 18",-0.6696131742391052
2018-01-16,6.5,6.5,6.45,6.45,2054,2054,0.04,0.624,6.475,"Jan 16, 18",-0.6675514779785068
2018-01-17,6.5,6.5,6.45,6.5,1728,1728,0.05,0.775,6.4655,"Jan 17, 18",-0.6649743576527588
2018-01-18,6.7,7,6.695,7,4544,4544,0.5,7.692,6.8234,"Jan 18, 18",-0.6392031543952786
2018-01-19,6.7,6.7,6.5,6.5747,2031,2031,-0.4253,-6.076,6.6042,"Jan 19, 18",-0.6611241398860913
2018-01-22,6.35,6.65,6.35,6.575,714,714,0.0003,0.005,6.525,"Jan 22, 18",-0.6611086771641368
2018-01-23,7.15,7.15,7.15,7.15,202,202,0.575,8.745,7.15,"Jan 23, 18",-0.6314717934180346
2018-01-24,,,,7.15,141,141,0,0,,"Jan 24, 18",-0.6314717934180346
2018-01-25,6.7,6.7,6.7,6.7,1030,1030,-0.45,-6.294,6.7,"Jan 25, 18",-0.6546658763497668
2018-01-26,,,,6.7,168,168,0,0,,"Jan 26, 18",-0.6546658763497668
2018-01-29,6.6,6.6,6.6,6.6,1262,1262,-0.1,-1.493,6.6,"Jan 29, 18",-0.6598201170012628
2018-01-30,6.65,6.65,6.6,6.6,428,428,0,0,6.6249,"Jan 30, 18",-0.6598201170012628
2018-01-31,6.6622,6.6622,6.5,6.55,1766,1766,-0.05,-0.758,6.5648,"Jan 31, 18",-0.6623972373270107
2018-02-01,6.6,6.6132,6.6,6.6132,209,209,0.0632,0.965,6.6066,"Feb 1, 18",-0.6591397572352653
2018-02-02,6.5,6.6,6.5,6.6,2960,2960,-0.0132,-0.2,6.5671,"Feb 2, 18",-0.6598201170012628
2018-02-05,6.6,6.6131,6.505,6.6131,2431,2431,0.0131,0.198,6.5902,"Feb 5, 18",-0.6591449114759168
2018-02-06,6.95,6.95,6.55,6.55,1342,1342,-0.0631,-0.954,6.7145,"Feb 6, 18",-0.6623972373270107
2018-02-07,6.5,6.5,6.5,6.5,183,183,-0.05,-0.763,6.5,"Feb 7, 18",-0.6649743576527588
2018-02-08,6.5,7.05,6.5,7.05,2495,2495,0.55,8.462,6.725,"Feb 8, 18",-0.6366260340695307
2018-02-09,6.5,6.74,6.5,6.6,7868,7868,-0.45,-6.383,6.6117,"Feb 9, 18",-0.6598201170012628
2018-02-12,6.65,6.65,6.505,6.505,2793,2793,-0.095,-1.439,6.5638,"Feb 12, 18",-0.6647166456201841
2018-02-13,6.35,6.35,6.35,6.35,145,145,-0.155,-2.383,6.35,"Feb 13, 18",-0.6727057186300028
2018-02-14,,,,6.35,29,29,0,0,,"Feb 14, 18",-0.6727057186300028
2018-02-15,6.672,6.672,6.5,6.5,2021,2021,0.15,2.362,6.5949,"Feb 15, 18",-0.6649743576527588
2018-02-16,6.5,6.5,6.45,6.45,4407,4407,-0.05,-0.769,6.4835,"Feb 16, 18",-0.6675514779785068
2018-02-20,6.35,6.35,5.5,5.5,3175,3175,-0.95,-14.729,6.0664,"Feb 20, 18",-0.7165167641677189
2018-02-21,5.8,5.8,5.5735,5.6,2627,2627,0.1,1.818,5.6264,"Feb 21, 18",-0.711362523516223
2018-02-22,5.6998,5.7732,5.5,5.5,7525,7525,-0.1,-1.786,5.5245,"Feb 22, 18",-0.7165167641677189
2018-02-23,5.75,5.75,5.75,5.75,122,122,0.25,4.545,5.75,"Feb 23, 18",-0.703631162538979
2018-02-26,5.4,5.4,5.4,5.4,3908,3908,-0.35,-6.087,5.4,"Feb 26, 18",-0.721671004819215
2018-02-27,5.4,5.5,5.05,5.1,3252,3252,-0.3,-5.556,5.1752,"Feb 27, 18",-0.737133726773703
2018-02-28,5.08,5.08,5,5,16039,16039,-0.1,-1.961,5.0049,"Feb 28, 18",-0.7422879674251991
2018-03-01,5,5.65,5,5.65,4825,4825,0.65,13,5.1646,"Mar 1, 18",-0.7087854031904749
2018-03-02,5.38,5.4208,5.38,5.4208,1758,1758,-0.2292,-4.057,5.3936,"Mar 2, 18",-0.7205989227637039
2018-03-05,5.75,5.75,5.75,5.75,163,163,0.3292,6.073,5.75,"Mar 5, 18",-0.703631162538979
2018-03-06,5.45,5.55,5.3,5.3,605,605,-0.45,-7.826,5.41,"Mar 6, 18",-0.7268252454707109
2018-03-07,5.3,5.39,5.1797,5.3,3321,3321,0,0,5.2827,"Mar 7, 18",-0.7268252454707109
2018-03-08,5.5,5.5,5.495,5.495,1325,1325,0.195,3.679,5.4977,"Mar 8, 18",-0.7167744762002938
2018-03-09,5.4253,5.4253,5.4253,5.4253,419,419,-0.0697,-1.268,5.4253,"Mar 9, 18",-0.7203669819343865
2018-03-12,5.545,5.545,5.2,5.4,3374,3374,-0.0253,-0.466,5.3042,"Mar 12, 18",-0.721671004819215
2018-03-13,5.4,5.4,5.2204,5.2796,1882,1882,-0.1204,-2.23,5.3475,"Mar 13, 18",-0.7278767105636161
2018-03-14,5.2748,5.2795,5.21,5.2795,526,526,-0.0001,-0.002,5.2598,"Mar 14, 18",-0.7278818648042678
2018-03-15,5.3,5.4498,5.3,5.35,2606,2606,0.0705,1.335,5.3148,"Mar 15, 18",-0.7242481251449631
2018-03-16,5.1747,5.25,5,5,1989,1989,-0.35,-6.542,5.1715,"Mar 16, 18",-0.7422879674251991
2018-03-19,5.15,5.2256,5.1247,5.13,4654,4654,0.13,2.6,5.149,"Mar 19, 18",-0.7355874545782543
2018-03-20,5.15,5.15,5.0355,5.1,4844,4844,-0.03,-0.585,5.0991,"Mar 20, 18",-0.737133726773703
2018-03-21,5.0498,5.1,5.0498,5.0799,1435,1435,-0.0201,-0.394,5.0849,"Mar 21, 18",-0.7381697291446537
2018-03-22,5.05,5.1,5,5.1,3926,3926,0.0201,0.396,5.0595,"Mar 22, 18",-0.737133726773703
2018-03-23,5.2,5.2153,5.0748,5.2,6578,6578,0.1,1.961,5.1216,"Mar 23, 18",-0.7319794861222071
2018-03-26,5.1,5.21,5.05,5.05,6129,6129,-0.15,-2.885,5.1651,"Mar 26, 18",-0.739710847099451
2018-03-27,5.35,5.3502,5.0701,5.15,3976,3976,0.1,1.98,5.1902,"Mar 27, 18",-0.7345566064479551
2018-03-28,5.15,5.15,5.01,5.15,1899,1899,0,0,5.0396,"Mar 28, 18",-0.7345566064479551
2018-03-29,5.125,5.5219,5.11,5.5219,4272,4272,0.3719,7.221,5.2359,"Mar 29, 18",-0.7153879854650415
2018-04-02,5.46,5.595,5.1498,5.595,8592,8592,0.0731,1.324,5.3275,"Apr 2, 18",-0.7116202355487978
2018-04-03,5.26,5.8371,5.26,5.65,7989,7989,0.055,0.983,5.6714,"Apr 3, 18",-0.7087854031904749
2018-04-04,5.925,5.95,5.9,5.95,1319,1319,0.3,5.31,5.9242,"Apr 4, 18",-0.693322681235987
2018-04-05,5.995,6,5.9248,5.9748,2121,2121,0.0248,0.417,5.972,"Apr 5, 18",-0.6920444295544159
2018-04-06,5.9248,6,5.9248,5.975,1678,1678,0.0002,0.003,5.9767,"Apr 6, 18",-0.6920341210731129
2018-04-09,5.85,5.9727,5.7727,5.8,4500,4500,-0.175,-2.929,5.7956,"Apr 9, 18",-0.7010540422132309
2018-04-10,5.995,5.995,5.995,5.995,197,197,0.195,3.362,5.995,"Apr 10, 18",-0.6910032729428136
2018-04-11,5.655,6,5.65,5.975,2706,2706,-0.02,-0.334,5.9532,"Apr 11, 18",-0.6920341210731129
2018-04-12,6,6,5.65,5.65,642,642,-0.325,-5.439,5.8543,"Apr 12, 18",-0.7087854031904749
2018-04-13,5.9,5.95,5.9,5.95,1623,1623,0.3,5.31,5.9357,"Apr 13, 18",-0.693322681235987
2018-04-16,,,,5.95,8,8,0,0,,"Apr 16, 18",-0.693322681235987
2018-04-17,5.825,5.825,5.8,5.8,3225,3225,-0.15,-2.521,5.8048,"Apr 17, 18",-0.7010540422132309
2018-04-18,5.95,5.95,5.95,5.95,202,202,0.15,2.586,5.95,"Apr 18, 18",-0.693322681235987
2018-04-19,5.95,5.95,5.95,5.95,100,100,0,0,5.95,"Apr 19, 18",-0.693322681235987
2018-04-20,5.9,5.9,5.9,5.9,513,513,-0.05,-0.84,5.9,"Apr 20, 18",-0.6958998015617349
2018-04-23,,,,5.9,1,1,0,0,,"Apr 23, 18",-0.6958998015617349
2018-04-24,6,6,5.95,6,3900,3900,0.1,1.695,5.9866,"Apr 24, 18",-0.6907455609102389
2018-04-25,6,6,6,6,229,229,0,0,6,"Apr 25, 18",-0.6907455609102389
2018-04-26,5.74,5.74,5.74,5.74,618,618,-0.26,-4.333,5.74,"Apr 26, 18",-0.7041465866041285
2018-04-27,,,,5.74,29,29,0,0,,"Apr 27, 18",-0.7041465866041285
2018-04-30,5.45,5.45,5.45,5.45,2655,2655,-0.29,-5.052,5.45,"Apr 30, 18",-0.719093884493467
2018-05-01,5.75,5.75,5.5,5.745,755,755,0.295,5.413,5.6149,"May 1, 18",-0.7038888745715537
2018-05-02,5.74,5.74,5.4,5.4,2686,2686,-0.345,-6.005,5.4893,"May 2, 18",-0.721671004819215
2018-05-03,5.6735,5.695,5.65,5.675,522,522,0.275,5.093,5.6734,"May 3, 18",-0.7074968430276009
2018-05-04,,,,5.675,16,16,0,0,,"May 4, 18",-0.7074968430276009
2018-05-07,5.75,5.75,5.6,5.6851,28910,28910,0.0101,0.178,5.7245,"May 7, 18",-0.7069762647217999
2018-05-08,5.75,5.75,5.7,5.719,1298,1298,0.0339,0.596,5.7058,"May 8, 18",-0.7052289771409427
2018-05-09,5.65,5.65,5.6,5.6,1680,1680,-0.119,-2.081,5.6189,"May 9, 18",-0.711362523516223
2018-05-10,5.6,5.995,5.59,5.995,4137,4137,0.395,7.054,5.6876,"May 10, 18",-0.6910032729428136
2018-05-11,5.75,5.75,5.65,5.65,1588,1588,-0.345,-5.755,5.6727,"May 11, 18",-0.7087854031904749
2018-05-14,5.745,5.75,5.55,5.65,3335,3335,0,0,5.5926,"May 14, 18",-0.7087854031904749
2018-05-15,5.55,5.6,5.5272,5.6,2452,2452,-0.05,-0.885,5.5546,"May 15, 18",-0.711362523516223
2018-05-16,5.51,5.8,5.51,5.8,7398,7398,0.2,3.571,5.5289,"May 16, 18",-0.7010540422132309
2018-05-17,5.7,5.75,5.7,5.75,678,678,-0.05,-0.862,5.7167,"May 17, 18",-0.703631162538979
2018-05-18,5.7,6,5.7,5.85,6116,6116,0.1,1.739,5.7839,"May 18, 18",-0.6984769218874829
2018-05-21,5.86,6.005,5.65,5.8,6350,6350,-0.05,-0.855,5.8264,"May 21, 18",-0.7010540422132309
2018-05-22,5.6268,5.734,5.55,5.55,25926,25926,-0.25,-4.31,5.5787,"May 22, 18",-0.713939643841971
2018-05-23,5.45,5.45,5.45,5.45,2086,2086,-0.1,-1.802,5.45,"May 23, 18",-0.719093884493467
2018-05-24,5.5,5.5,5.4,5.455,3723,3723,0.005,0.092,5.4611,"May 24, 18",-0.7188361724608922
2018-05-25,5.55,5.65,5.35,5.65,1766,1766,0.195,3.575,5.4882,"May 25, 18",-0.7087854031904749
2018-05-29,5.65,5.65,5.5,5.5,2597,2597,-0.15,-2.655,5.5097,"May 29, 18",-0.7165167641677189
2018-05-30,5.55,5.75,5.4,5.4,1169,1169,-0.1,-1.818,5.4923,"May 30, 18",-0.721671004819215
2018-05-31,5.36,5.426,5.35,5.35,7965,7965,-0.05,-0.926,5.3707,"May 31, 18",-0.7242481251449631
2018-06-01,5.6,5.65,5.6,5.65,416,416,0.3,5.607,5.6193,"Jun 1, 18",-0.7087854031904749
2018-06-04,5.355,5.355,5.355,5.355,763,763,-0.295,-5.221,5.355,"Jun 4, 18",-0.7239904131123882
2018-06-05,5.6,5.6,5.6,5.6,478,478,0.245,4.575,5.6,"Jun 5, 18",-0.711362523516223
2018-06-06,5.7,5.7,5.4,5.4,961,961,-0.2,-3.571,5.4905,"Jun 6, 18",-0.721671004819215
2018-06-07,5.65,5.65,5.35,5.4,2120,2120,0,0,5.4899,"Jun 7, 18",-0.721671004819215
2018-06-08,5.45,5.5,5.45,5.5,2059,2059,0.1,1.852,5.4529,"Jun 8, 18",-0.7165167641677189
2018-06-11,5.6,5.6,5.35,5.4,1381,1381,-0.1,-1.818,5.3825,"Jun 11, 18",-0.721671004819215
2018-06-12,5.45,5.5,5.35,5.35,4323,4323,-0.05,-0.926,5.4195,"Jun 12, 18",-0.7242481251449631
2018-06-13,5.35,5.35,5.3,5.3,979,979,-0.05,-0.935,5.3306,"Jun 13, 18",-0.7268252454707109
2018-06-14,5.2,5.5,5.15,5.15,4216,4216,-0.15,-2.83,5.3135,"Jun 14, 18",-0.7345566064479551
2018-06-15,5.2,5.35,5.2,5.35,2513,2513,0.2,3.883,5.2632,"Jun 15, 18",-0.7242481251449631
2018-06-18,5.6,5.6,5.25,5.25,2854,2854,-0.1,-1.869,5.4778,"Jun 18, 18",-0.729402365796459
2018-06-19,5.5,5.55,5.236,5.35,5515,5515,0.1,1.905,5.4007,"Jun 19, 18",-0.7242481251449631
2018-06-20,5.65,5.663,5.4,5.6,10943,10943,0.25,4.673,5.5414,"Jun 20, 18",-0.711362523516223
2018-06-21,5.7,5.7,5.15,5.15,35126,35126,-0.45,-8.036,5.2841,"Jun 21, 18",-0.7345566064479551
2018-06-22,5.45,5.5,5.25,5.45,37763,37763,0.3,5.825,5.4602,"Jun 22, 18",-0.719093884493467
2018-06-25,5.25,5.3,5.2253,5.25,13872,13872,-0.2,-3.67,5.2504,"Jun 25, 18",-0.729402365796459
2018-06-26,5.3,5.45,5.3,5.45,531,531,0.2,3.81,5.3375,"Jun 26, 18",-0.719093884493467
2018-06-27,5.05,5.35,5.05,5.35,933,933,-0.1,-1.835,5.1219,"Jun 27, 18",-0.7242481251449631
2018-06-28,5.44,5.44,5.4225,5.4225,2148,2148,0.0725,1.355,5.4392,"Jun 28, 18",-0.7205113006726284
2018-06-29,,,,5.4225,119,119,0,0,,"Jun 29, 18",-0.7205113006726284
2018-07-02,5.15,5.15,5.15,5.15,408,408,-0.2725,-5.025,5.15,"Jul 2, 18",-0.7345566064479551
2018-07-03,5.1,5.1,5.1,5.1,282,282,-0.05,-0.971,5.1,Jul 3,-0.737133726773703
2018-07-05,5.15,5.15,5.15,5.15,171,171,0.05,0.98,5.15,Jul 5,-0.7345566064479551
2018-07-06,,,,5.15,22,22,0,0,,Jul 6,-0.7345566064479551
2018-07-09,5.3,5.3,5.15,5.15,3849,3849,0,0,5.1824,Jul 9,-0.7345566064479551
2018-07-10,5.15,5.15,5.15,5.15,562,562,0,0,5.15,Jul 10,-0.7345566064479551
2018-07-11,,,,5.15,26,26,0,0,,Jul 11,-0.7345566064479551
2018-07-12,,,,5.15,34,34,0,0,,Jul 12,-0.7345566064479551
2018-07-13,,,,5.15,7,7,0,0,,Jul 13,-0.7345566064479551
2018-07-16,5.3,5.35,5.3,5.35,1064,1064,0.2,3.883,5.3266,Jul 16,-0.7242481251449631
2018-07-17,,,,5.35,259,259,0,0,,Jul 17,-0.7242481251449631
2018-07-18,,,,5.35,96,96,0,0,,Jul 18,-0.7242481251449631
2018-07-19,5.15,5.2,5.15,5.2,1069,1069,-0.15,-2.804,5.1584,Jul 19,-0.7319794861222071
2018-07-20,5.1858,5.35,5.1858,5.35,1213,1213,0.15,2.885,5.3058,Jul 20,-0.7242481251449631
2018-07-23,5.15,5.25,5.15,5.25,447,447,-0.1,-1.869,5.1823,Jul 23,-0.729402365796459
2018-07-24,5.45,5.45,5.45,5.45,505,505,0.2,3.81,5.45,Jul 24,-0.719093884493467
2018-07-25,,,,5.45,129,129,0,0,,Jul 25,-0.719093884493467
2018-07-26,5.45,5.45,5.4,5.45,2947,2947,0,0,5.4149,Jul 26,-0.719093884493467
2018-07-27,5.1858,5.1858,5.1858,5.1858,1899,1899,-0.2642,-4.848,5.1858,Jul 27,-0.7327113882947195
2018-07-30,,,,5.1858,146,146,0,0,,Jul 30,-0.7327113882947195
2018-07-31,5.2,5.205,5.15,5.15,1810,1810,-0.0358,-0.69,5.1661,Jul 31,-0.7345566064479551
2018-08-01,5.45,5.45,5.4,5.45,1768,1768,0.3,5.825,5.4226,Aug 1,-0.719093884493467
2018-08-02,5.545,5.545,5.35,5.52,1040,1040,0.07,1.284,5.4985,Aug 2,-0.7154859160374198