date,open,high,low,close,volume,unadjustedVolume,change,changePercent,vwap,label,changeOverTime
2013-08-05,20.6033,20.9865,20.4443,20.5004,3261849,3261849,-0.130873,-0.634,20.6627,"Aug 5, 13",0
2013-08-06,20.2948,20.2948,19.4534,19.5656,5384516,5384516,-0.93481,-4.56,19.7216,"Aug 6, 13",-0.045599110261263155
2013-08-07,19.4254,20.005,19.3974,19.6124,4598290,4598290,0.046738,0.239,19.7445,"Aug 7, 13",-0.0433162279760394
2013-08-08,19.9956,21.3464,19.8648,21.2389,7563611,7563611,1.6266,8.294,20.8453,"Aug 8, 13",0.03602368734268609
2013-08-09,21.1268,22.0896,20.8931,21.7718,8184660,8184660,0.532842,2.509,21.642,"Aug 9, 13",0.062018302081910594
2013-08-12,22.4448,23.0244,22.4448,22.9122,8213947,8213947,1.1405,5.238,22.8349,"Aug 12, 13",0.11764648494663517
2013-08-13,23.0057,23.1833,22.3607,22.5757,6821359,6821359,-0.336532,-1.469,22.7087,"Aug 13, 13",0.1012321710795888
2013-08-14,22.7814,23.7349,22.7533,23.5012,7789174,7789174,0.925465,4.099,23.4526,"Aug 14, 13",0.1463776316559678
2013-08-15,23.3049,25.5017,22.7253,25.3615,14262884,14262884,1.8603,7.916,24.6669,"Aug 15, 13",0.2371222024936099
2013-08-16,25.5858,25.8756,24.4921,25.0249,10603510,10603510,-0.336535,-1.327,25.2214,"Aug 16, 13",0.22070301067296247
2013-08-19,25.1371,25.4456,24.6416,24.7912,5804513,5804513,-0.233702,-0.934,25.0368,"Aug 19, 13",0.20930323310764673
2013-08-20,24.7071,25.8476,24.6884,25.5204,6360699,6360699,0.729153,2.941,25.5465,"Aug 20, 13",0.24487327076544846
2013-08-21,25.2586,25.4082,24.6697,24.7258,6907420,6907420,-0.79459,-3.114,25.0404,"Aug 21, 13",0.20611305145265463
2013-08-22,25.1091,25.5765,25.0436,25.3054,5273496,5273496,0.579584,2.344,25.3122,"Aug 22, 13",0.23438567052350198
2013-08-23,25.2493,26.1934,25.1745,25.8943,6550615,6550615,0.588933,2.327,25.9099,"Aug 23, 13",0.2631119392792337
2013-08-26,26.3471,27.0977,26.0374,26.6661,8561741,8561741,0.771783,2.981,26.6444,"Aug 26, 13",0.3007599851710211
2013-08-27,27.3604,27.3698,25.1742,25.3431,9331431,9331431,-1.323,-4.961,26.2377,"Aug 27, 13",0.23622465903104334
2013-08-28,25.5214,25.9905,24.5362,24.7426,8352114,8352114,-0.600506,-2.37,25.3156,"Aug 28, 13",0.2069325476576067
2013-08-29,24.5268,25.3267,24.0764,24.9866,8186871,8186871,0.243955,0.986,24.7946,"Aug 29, 13",0.21883475444381575
2013-08-30,24.5174,25.1462,24.4048,24.7238,5254219,5254219,-0.262718,-1.051,24.7687,"Aug 30, 13",0.20601549238063657
2013-09-03,25.3712,25.5683,25.0053,25.0898,4775074,4775074,0.365931,1.48,25.2379,"Sep 3, 13",0.22386880255995012
2013-09-04,24.6957,25.0053,24.5175,24.9866,4612269,4612269,-0.103213,-0.411,24.7323,"Sep 4, 13",0.21883475444381575
2013-09-05,24.8458,24.949,24.0014,24.1609,4867920,4867920,-0.82569,-3.305,24.3523,"Sep 5, 13",0.1785574915611404
2013-09-06,24.6863,24.8805,24.2735,24.3391,5569473,5569473,0.178275,0.738,24.4856,"Sep 6, 13",0.18725000487795357
2013-09-09,24.2922,24.5174,23.9075,24.0952,4507836,4507836,-0.243955,-1.002,24.1236,"Sep 9, 13",0.17535267604534543
2013-09-10,23.3445,23.4665,22.8097,23.2883,6208048,6208048,-0.806926,-3.349,23.1813,"Sep 10, 13",0.13599246843964022
2013-09-11,23.3352,23.9006,23.1757,23.8231,4929455,4929455,0.534821,2.297,23.6,"Sep 11, 13",0.16207976429728208
2013-09-12,22.9505,22.9786,22.5282,22.5939,6286031,6286031,-1.2292,-5.16,22.6935,"Sep 12, 13",0.10211995863495359
2013-09-13,22.5282,23.2413,22.3969,23.1757,5655782,5655782,0.581739,2.575,22.9281,"Sep 13, 13",0.1304998926850208
2013-09-16,23.4947,23.6354,22.6127,22.6877,7472994,7472994,-0.487911,-2.105,23.0508,"Sep 16, 13",0.10669547911260271
2013-09-17,22.8473,23.1663,22.6127,23.0912,4152343,4152343,0.403464,1.778,22.9396,"Sep 17, 13",0.12637802189225583
2013-09-18,22.9129,25.4463,22.4579,25.2117,12552448,12552448,2.1205,9.183,24.1697,"Sep 18, 13",0.22981502799945375
2013-09-19,25.4838,25.5683,24.5174,24.7801,8185988,8185988,-0.431614,-1.712,24.9015,"Sep 19, 13",0.20876178025794628
2013-09-20,24.508,24.5643,23.2132,23.2132,12365807,12365807,-1.5669,-6.323,23.6019,"Sep 20, 13",0.13232912528536037
2013-09-23,23.232,23.6917,22.7253,22.7816,6442325,6442325,-0.431612,-1.859,23.2465,"Sep 23, 13",0.1112758775438529
2013-09-24,22.5282,22.9224,22.1717,22.6877,6020525,6020525,-0.09383,-0.412,22.6169,"Sep 24, 13",0.10669547911260271
2013-09-25,22.8473,23.7762,22.8097,23.3539,6146968,6146968,0.666185,2.936,23.4088,"Sep 25, 13",0.13919240600183413
2013-09-26,23.4102,23.6448,22.7253,22.9786,3516812,3516812,-0.375314,-1.607,23.0402,"Sep 26, 13",0.1208854461376364
2013-09-27,23.2132,23.6073,23.1663,23.3915,4430682,4430682,0.412847,1.797,23.4136,"Sep 27, 13",0.1410265165557746
2013-09-30,22.9129,23.6729,22.8097,23.2413,4763559,4763559,-0.150127,-0.642,23.295,"Sep 30, 13",0.13369983024721468
2013-10-01,22.5189,22.8276,22.3312,22.6127,5176435,5176435,-0.628651,-2.705,22.537,"Oct 1, 13",0.10303701391192373
2013-10-02,22.7816,23.3821,22.7065,22.791,4076094,4076094,0.178276,0.788,22.9806,"Oct 2, 13",0.11173440518233797
2013-10-03,22.7253,23.1944,22.4016,22.4532,3645657,3645657,-0.337786,-1.482,22.6681,"Oct 3, 13",0.09525667791847964
2013-10-04,22.5376,22.7159,22.2468,22.2749,3048768,3048768,-0.178274,-0.794,22.3487,"Oct 4, 13",0.08655928664806539
2013-10-07,22.4438,22.5189,22.2749,22.4344,3273118,3273118,0.15951,0.716,22.3948,"Oct 7, 13",0.0943396226415095
2013-10-08,22.4438,22.5658,21.1959,21.3085,4442976,4442976,-1.1259,-5.019,21.7775,"Oct 8, 13",0.0394187430489161
2013-10-09,21.1114,21.4117,20.342,21.1865,5355487,5355487,-0.121974,-0.572,20.563,"Oct 9, 13",0.03346763965581158
2013-10-10,21.2616,21.4351,20.8769,21.027,3700282,3700282,-0.159509,-0.753,21.1909,"Oct 10, 13",0.02568730366236766
2013-10-11,20.7361,20.8581,20.2764,20.7549,4198232,4198232,-0.272105,-1.294,20.5995,"Oct 11, 13",0.01241439191430412
2013-10-14,20.9238,21.027,20.4096,20.6704,3505509,3505509,-0.084443,-0.407,20.5972,"Oct 14, 13",0.008292521121539175
2013-10-15,20.5015,21.2991,20.4077,21.0645,4674321,4674321,0.394078,1.906,20.892,"Oct 15, 13",0.027516536262707062
2013-10-16,20.9895,21.1583,20.5297,20.8769,3647196,3647196,-0.187655,-0.891,20.8257,"Oct 16, 13",0.01836549530740864
2013-10-17,21.6087,22.2843,21.3742,21.8151,5474722,5474722,0.938286,4.494,21.9548,"Oct 17, 13",0.06413045599110272
2013-10-18,21.8151,21.984,21.4397,21.6275,3546499,3546499,-0.187657,-0.86,21.6607,"Oct 18, 13",0.05497941503580429
2013-10-21,21.787,21.9277,21.6463,21.8902,2991815,2991815,0.262716,1.215,21.8152,"Oct 21, 13",0.06779379914538258
2013-10-22,22.2092,22.9599,22.1998,22.669,4389939,4389939,0.77878,3.558,22.6734,"Oct 22, 13",0.10578330178923345
2013-10-23,22.5376,22.9411,22.0779,22.1623,4701645,4701645,-0.506676,-2.235,22.5282,"Oct 23, 13",0.08106671089344596
2013-10-24,22.7347,23.2413,22.6033,22.9505,4355610,4355610,0.788163,3.556,22.9769,"Oct 24, 13",0.11951474117578206
2013-10-25,22.8097,23.1287,22.5095,23.0724,4225367,4225367,0.121975,0.531,22.8529,"Oct 25, 13",0.12546096661528552
2013-10-28,23.1381,23.3445,22.7628,22.9223,3179745,3179745,-0.150124,-0.651,23.0619,"Oct 28, 13",0.11813915826032667
2013-10-29,22.8754,23.0255,22.4626,22.5564,3393800,3393800,-0.365933,-1.596,22.7035,"Oct 29, 13",0.100290726034614
2013-10-30,22.9411,23.2976,22.1529,22.8942,6236030,6236030,0.337784,1.498,22.8319,"Oct 30, 13",0.11676845329847235
2013-10-31,22.0403,22.35,21.1959,21.2709,9013033,9013033,-1.6232,-7.09,21.5278,"Oct 31, 13",0.0375846324949758
2013-11-01,21.1771,21.1865,20.4498,20.6517,6659949,6659949,-0.619267,-2.911,20.6481,"Nov 1, 13",0.007380343798169922
2013-11-04,20.8299,21.1677,20.6611,20.7173,6165120,6165120,0.065678,0.318,20.828,"Nov 4, 13",0.010580281360363824
2013-11-05,20.6611,20.9238,20.5109,20.8675,4795102,4795102,0.150127,0.725,20.7061,"Nov 5, 13",0.017906967668923565
2013-11-06,21.2146,21.2991,20.9041,21.0082,3999654,3999654,0.140743,0.674,21.0443,"Nov 6, 13",0.02477024838539734
2013-11-07,20.6798,21.027,20.2482,20.3139,4613806,4613806,-0.694333,-3.305,20.5528,"Nov 7, 13",-0.009097383465688415
2013-11-08,20.0699,20.3135,19.5914,20.267,6210182,6210182,-0.046914,-0.231,20.0121,"Nov 8, 13",-0.011385143704513065
2013-11-11,19.8917,20.2107,19.5351,20.2013,5754393,5754393,-0.065679,-0.324,19.8314,"Nov 11, 13",-0.01458995922030786
2013-11-12,20.0981,20.4077,19.7228,19.901,5161311,5161311,-0.30025,-1.486,19.9891,"Nov 12, 13",-0.029238453883826624
2013-11-13,20.0324,20.3045,19.8447,20.2388,4013467,4013467,0.337781,1.697,20.1419,"Nov 13, 13",-0.012760726619968285
2013-11-14,20.4828,21.0551,20.4828,20.9988,5506762,5506762,0.76001,3.755,20.8819,"Nov 14, 13",0.024311720746912267
2013-11-15,21.0082,21.1865,20.6611,20.6892,4110786,4110786,-0.309633,-1.475,20.8573,"Nov 15, 13",0.009209576398509323
2013-11-18,20.5485,20.6235,20.1075,20.2482,4468813,4468813,-0.440995,-2.132,20.2811,"Nov 18, 13",-0.012302198981483213
2013-11-19,20.2294,20.4735,19.995,20.145,3294845,3294845,-0.10321,-0.51,20.2272,"Nov 19, 13",-0.017336247097617583
2013-11-20,19.8635,20.267,19.3944,19.6477,6491291,6491291,-0.497293,-2.469,19.8404,"Nov 20, 13",-0.04159431035491984
2013-11-21,19.5163,19.7322,19.1908,19.5633,5421743,5421743,-0.084445,-0.43,19.5178,"Nov 21, 13",-0.04571130319408389
2013-11-22,19.6196,19.9198,19.3475,19.4319,3799523,3799523,-0.131362,-0.671,19.5571,"Nov 22, 13",-0.05212093422567366
2013-11-25,19.1586,19.4319,18.7251,19.2434,6411238,6411238,-0.18847,-0.97,19.0941,"Nov 25, 13",-0.06131587676338013
2013-11-26,19.0926,19.4551,18.8853,19.234,5675021,5675021,-0.009426,-0.049,19.2157,"Nov 26, 13",-0.0617744044018652
2013-11-27,19.5167,19.7146,19.2057,19.5261,4758346,4758346,0.292142,1.519,19.451,"Nov 27, 13",-0.04752590193362079
2013-11-29,19.7712,20.0349,19.6581,19.7335,2533925,2533925,0.207323,1.062,19.8566,"Nov 29, 13",-0.037409026165343105
2013-12-02,19.4036,19.4413,18.4895,18.4989,7739018,7739018,-1.2345,-6.256,18.7832,"Dec 2, 13",-0.09763224132212055
2013-12-03,18.4236,18.5743,18.122,18.2916,5952384,5952384,-0.207325,-1.121,18.3744,"Dec 3, 13",-0.10774423913679734
2013-12-04,18.4707,19.0549,18.2728,18.8476,7634844,7634844,0.556006,3.04,18.6619,"Dec 4, 13",-0.08062281711576355
2013-12-05,18.4047,18.7817,18.2822,18.4989,4450203,4450203,-0.348681,-1.85,18.5691,"Dec 5, 13",-0.09763224132212055
2013-12-06,18.612,19.0361,18.612,18.6874,4338198,4338198,0.188476,1.019,18.8079,"Dec 6, 13",-0.0884372987844139
2013-12-09,18.8099,19.2528,18.8005,19.2152,4373575,4373575,0.527732,2.824,19.0757,"Dec 9, 13",-0.06269145967883552
2013-12-10,19.8089,20.0916,19.7335,19.8466,4941702,4941702,0.631396,3.286,19.918,"Dec 10, 13",-0.03189206064271918
2013-12-11,19.8842,19.9031,19.2717,19.2905,4983096,4983096,-0.556003,-2.802,19.5505,"Dec 11, 13",-0.05901836061735369
2013-12-12,18.7722,19.2152,18.6874,19.1398,3809320,3809320,-0.150781,-0.782,19.0127,"Dec 12, 13",-0.06636943669391808
2013-12-13,19.3754,19.5543,19.0173,19.1869,3515779,3515779,0.047119,0.246,19.269,"Dec 13, 13",-0.06407192054789164
2013-12-16,19.2905,19.7052,19.0549,19.4696,4037491,4037491,0.282711,1.473,19.4506,"Dec 16, 13",-0.0502819457181323
2013-12-17,19.2717,19.5543,19.1021,19.3188,3342581,3342581,-0.150779,-0.774,19.2579,"Dec 17, 13",-0.057637899748297576
2013-12-18,19.3471,19.7616,18.8947,18.9513,7636395,7636395,-0.367528,-1.902,19.2396,"Dec 18, 13",-0.07556437923162472
2013-12-19,18.612,18.7631,18.3953,18.612,4691631,4691631,-0.339258,-1.79,18.5684,"Dec 19, 13",-0.09211527579949663
2013-12-20,18.7722,18.9513,18.5461,18.6026,5533254,5533254,-0.009423,-0.051,18.6721,"Dec 20, 13",-0.09257380343798172
2013-12-23,18.6403,18.6497,18.3764,18.5366,3840075,3840075,-0.065967,-0.355,18.4989,"Dec 23, 13",-0.09579325281457919
2013-12-24,18.5178,19.0738,18.5178,19.0455,2341618,2341618,0.508886,2.745,18.8295,"Dec 24, 13",-0.07096934693957184
2013-12-26,19.3471,19.561,19.0738,19.1869,3432732,3432732,0.141358,0.742,19.3732,"Dec 26, 13",-0.06407192054789164
2013-12-27,19.2811,19.3848,19.0926,19.3188,3215895,3215895,0.131932,0.688,19.2146,"Dec 27, 13",-0.057637899748297576
2013-12-30,19.1021,19.1398,18.7722,18.8099,3606668,3606668,-0.508885,-2.634,18.9686,"Dec 30, 13",-0.08246180562330492
2013-12-31,18.6309,19.2434,18.5338,19.0267,4645185,4645185,0.216747,1.152,18.9725,"Dec 31, 13",-0.071886402216542
2014-01-02,19.5167,20.1481,19.3565,20.0162,6411174,6411174,0.9895,5.201,19.7668,"Jan 2, 14",-0.023619051335583587
2014-01-03,20.2047,20.3649,19.8089,19.9031,4642982,4642982,-0.113087,-0.565,20.0828,"Jan 3, 14",-0.029136016858207676
2014-01-06,20.0633,20.4779,20.0256,20.1104,4843671,4843671,0.207327,1.042,20.2366,"Jan 6, 14",-0.019024019043530887
2014-01-07,19.8654,20.0963,19.5638,20.0727,3737182,3737182,-0.037696,-0.187,19.8271,"Jan 7, 14",-0.020863007551072076
2014-01-08,19.6675,20.0539,19.5921,19.8371,3305457,3305457,-0.235594,-1.174,19.8519,"Jan 8, 14",-0.032355466234805154
2014-01-09,19.79,19.79,19.1586,19.1963,4855935,4855935,-0.640821,-3.23,19.3452,"Jan 9, 14",-0.06361339290940657
2014-01-10,19.5167,20.1481,19.5167,20.101,5959597,5959597,0.904686,4.713,19.948,"Jan 10, 14",-0.01948254668201596
2014-01-13,20.167,20.6099,19.8653,20.4779,4758894,4758894,0.376954,1.875,20.2478,"Jan 13, 14",-0.0010975395602035717
2014-01-14,20.3837,20.8077,19.9786,20.0633,5569036,5569036,-0.414649,-2.025,20.3074,"Jan 14, 14",-0.02132153518955715
2014-01-15,19.9031,20.4214,19.8089,20.3366,2810146,2810146,0.273289,1.362,20.2338,"Jan 15, 14",-0.007990087998282882
2014-01-16,20.5251,20.6287,20.3366,20.5628,2714258,2714258,0.226173,1.112,20.493,"Jan 16, 14",0.003043843046964949
2014-01-17,20.8172,21.3638,20.7512,21.034,5008313,5008313,0.471188,2.291,21.0468,"Jan 17, 14",0.026028760414430932
2014-01-21,20.8361,21.458,20.6099,21.3167,4504355,4504355,0.282717,1.344,21.1709,"Jan 21, 14",0.03981873524419045
2014-01-22,21.2601,21.2695,20.7512,20.8737,3317025,3317025,-0.442919,-2.078,20.9739,"Jan 22, 14",0.018209400792179687
2014-01-23,21.2507,21.6182,21.0434,21.2319,4939365,4939365,0.358105,1.716,21.1744,"Jan 23, 14",0.03568223059062265
2014-01-24,21.5711,21.7596,20.4308,20.7701,5456547,5456547,-0.461766,-2.175,20.7446,"Jan 24, 14",0.013155840861641737
2014-01-27,20.6382,20.8549,20.167,20.1764,4359730,4359730,-0.593702,-2.858,20.4091,"Jan 27, 14",-0.015804569666933235
2014-01-28,20.2706,20.7041,20.0445,20.657,4350291,4350291,0.480614,2.382,20.4611,"Jan 28, 14",0.007638875339017822
2014-01-29,21.0057,21.1376,20.3743,20.8078,5050710,5050710,0.150782,0.73,20.5578,"Jan 29, 14",0.0149948293691831
2014-01-30,20.1481,20.6287,20.035,20.5251,4166766,4166766,-0.282717,-1.359,20.4532,"Jan 30, 14",0.0012048545394235859
2014-01-31,20.591,20.6853,20.2047,20.4591,4459825,4459825,-0.065965,-0.321,20.4165,"Jan 31, 14",-0.002014594837173893
2014-02-03,20.6382,20.9114,20.2895,20.3177,4818722,4818722,-0.141356,-0.691,20.4261,"Feb 3, 14",-0.008912021228854098
2014-02-04,20.2329,20.5628,20.2141,20.5156,5903549,5903549,0.197898,0.974,20.1544,"Feb 4, 14",0.000741448947337618
2014-02-05,20.7889,20.7889,20.3838,20.4874,4565569,4565569,-0.028271,-0.138,20.2914,"Feb 5, 14",-0.0006341339681176038
2014-02-06,20.6005,20.8926,20.4874,20.7135,2839022,2839022,0.226173,1.104,20.6656,"Feb 6, 14",0.010394919123529333
2014-02-07,20.7135,21.4769,20.6382,21.3167,4932447,4932447,0.603124,2.912,21.0211,"Feb 7, 14",0.03981873524419045
2014-02-10,21.6418,22.3721,21.5051,22.0329,7058286,7058286,0.716208,3.36,22.0663,"Feb 10, 14",0.07475463893387459
2014-02-11,22.2308,23.0883,22.2025,22.881,7397539,7397539,0.848145,3.849,22.7935,"Feb 11, 14",0.11612456342315278
2014-02-12,23.013,23.1732,22.2779,22.3627,6444782,6444782,-0.518311,-2.265,22.7507,"Feb 12, 14",0.09084212990966035
2014-02-13,22.4287,23.3522,22.2215,23.3145,5321965,5321965,0.951807,4.256,23.0176,"Feb 13, 14",0.1372704922830774
2014-02-14,23.9742,24.3606,23.7009,23.9176,7732717,7732717,0.603124,2.587,24.0466,"Feb 14, 14",0.16668943045013762
2014-02-18,24.238,24.3983,23.6726,24.2757,5469076,5469076,0.358105,1.497,24.1635,"Feb 18, 14",0.1841573822949797
2014-02-19,24.1438,24.4831,23.3805,23.4936,5937825,5937825,-0.782179,-3.222,23.9364,"Feb 19, 14",0.14600690718229897
2014-02-20,23.569,24.4925,23.437,24.4548,6367788,6367788,0.961231,4.091,24.1174,"Feb 20, 14",0.19289379719420108
2014-02-21,24.3983,24.8412,24.0778,24.3511,5064698,5064698,-0.103663,-0.424,24.3511,"Feb 21, 14",0.18783535931006223
2014-02-24,24.6998,24.8223,24.2703,24.3417,3946611,3946611,-0.009423,-0.039,24.5825,"Feb 24, 14",0.18737683167157718
2014-02-25,24.238,24.5773,23.9176,24.1438,4292320,4292320,-0.197901,-0.813,24.2531,"Feb 25, 14",0.17772336149538545
2014-02-26,23.9176,24.2757,23.6453,23.8234,4213687,4213687,-0.320411,-1.327,23.8797,"Feb 26, 14",0.16209439815808474
2014-02-27,23.9082,24.4736,23.748,24.0401,3238482,3238482,0.216749,0.91,24.1708,"Feb 27, 14",0.1726649236112466
2014-02-28,24.1061,24.3511,23.8705,24.059,3273495,3273495,0.018848,0.078,24.1,"Feb 28, 14",0.17358685684181782
2014-03-03,24.6244,24.8129,24.1627,24.2192,4332794,4332794,0.160205,0.666,24.425,"Mar 3, 14",0.1814013385104682
2014-03-04,23.9459,24.2475,23.6726,23.9365,3454686,3454686,-0.282713,-1.167,23.9871,"Mar 4, 14",0.16761136368070867
2014-03-05,23.9271,24.4077,23.814,24.3417,2587675,2587675,0.405223,1.693,24.2442,"Mar 5, 14",0.18737683167157718
2014-03-06,24.4736,24.6621,24.3417,24.5302,2719869,2719869,0.188478,0.774,24.5125,"Mar 6, 14",0.19657177420928382
2014-03-07,24.059,24.1155,23.4088,23.7292,6430769,6430769,-0.801025,-3.265,23.6762,"Mar 7, 14",0.15749936586603186
2014-03-10,23.7386,23.993,23.5408,23.748,2790226,2790226,0.018848,0.079,23.7716,"Mar 10, 14",0.1584164211430022
2014-03-11,23.9648,24.1532,23.5595,23.6443,3282873,3282873,-0.103663,-0.437,23.7541,"Mar 11, 14",0.15335798325886335
2014-03-12,23.9082,24.5867,23.8988,24.549,4420103,4420103,0.904686,3.826,24.3308,"Mar 12, 14",0.19748882948625396
2014-03-13,24.5302,25.0956,24.3606,25.0014,4782053,4782053,0.452344,1.843,24.8406,"Mar 13, 14",0.21955669157674979
2014-03-14,25.3972,25.5762,24.8977,25.1804,4533390,4533390,0.179049,0.716,25.2182,"Mar 14, 14",0.2282882285223703
2014-03-17,25.0391,25.237,24.5255,24.5867,4517648,4517648,-0.593699,-2.358,24.807,"Mar 17, 14",0.19932781799379531
2014-03-18,24.0873,24.6621,23.8705,24.3417,4798624,4798624,-0.245018,-0.997,24.2797,"Mar 18, 14",0.18737683167157718
2014-03-19,23.9742,24.2475,23.4747,23.6067,5110901,5110901,-0.73506,-3.02,22.7768,"Mar 19, 14",0.15152387270492287
2014-03-20,23.3334,23.9365,23.1166,23.6915,4408123,4408123,0.084817,0.359,23.6487,"Mar 20, 14",0.15566037735849067
2014-03-21,23.8422,24.0778,23.3711,23.5972,6416934,6416934,-0.094239,-0.398,22.7911,"Mar 21, 14",0.1510604671128369
2014-03-24,23.2957,23.3806,21.8632,21.9292,6932030,6932030,-1.668,-7.069,22.3237,"Mar 24, 14",0.06969620104973574
2014-03-25,22.1837,22.3156,21.9009,22.1083,3468540,3468540,0.179053,0.817,22.13,"Mar 25, 14",0.07843261594895713
2014-03-26,22.1554,22.2496,21.0434,21.0811,5468793,5468793,-1.0272,-4.646,21.3926,"Mar 26, 14",0.02832627656045737
2014-03-27,20.9963,21.6088,20.9868,21.4015,4691196,4691196,0.32041,1.52,21.2278,"Mar 27, 14",0.043955239897758076
2014-03-28,21.4769,22.0988,21.1753,21.8161,4482626,4482626,0.414647,1.937,21.801,"Mar 28, 14",0.06417923552711165
2014-03-31,21.8256,21.9198,21.3261,21.3921,3468141,3468141,-0.42407,-1.944,21.5287,"Mar 31, 14",0.043496712259273
2014-04-01,21.458,21.6277,21.2743,21.5146,2867402,2867402,0.122509,0.573,21.4485,"Apr 1, 14",0.049472205420382165
2014-04-02,21.8832,22.1545,21.8076,21.8454,3349646,3349646,0.330843,1.538,21.9524,"Apr 2, 14",0.06560847593217706
2014-04-03,21.7414,21.7698,21.4295,21.6185,3280801,3280801,-0.226867,-1.039,21.5867,"Apr 3, 14",0.05454039921172279
2014-04-04,22.129,22.1479,21.4862,21.5335,3754876,3754876,-0.085074,-0.394,21.8383,"Apr 4, 14",0.050394138650953206
2014-04-07,21.3917,21.9778,21.2971,21.42,4608508,4608508,-0.113433,-0.527,21.6207,"Apr 7, 14",0.04485766131392571
2014-04-08,21.7981,21.8643,21.5098,21.6564,4281290,4281290,0.236319,1.103,21.6813,"Apr 8, 14",0.056389143626465944
2014-04-09,21.4673,22.1006,21.4106,21.8454,6157600,6157600,0.189055,0.873,21.6437,"Apr 9, 14",0.06560847593217706
2014-04-10,22.0534,22.2141,21.3633,21.42,4018001,4018001,-0.425374,-1.947,21.6833,"Apr 10, 14",0.04485766131392571
2014-04-11,21.42,21.5996,20.9001,21.0514,3393032,3393032,-0.36866,-1.721,21.2164,"Apr 11, 14",0.026877524340988564
2014-04-14,21.2971,21.6564,21.1365,21.3444,3377688,3377688,0.293036,1.392,21.4009,"Apr 14, 14",0.0411699283916412
2014-04-15,20.7772,21.127,20.5504,21.0703,5376353,5376353,-0.274128,-1.284,20.9156,"Apr 15, 14",0.027799457571559605
2014-04-16,21.1081,21.1554,20.7016,20.8812,2156668,2156668,-0.189056,-0.897,20.8462,"Apr 16, 14",0.0185752473122476
2014-04-17,20.8907,21.023,20.6355,20.6733,2233910,2233910,-0.207963,-0.996,20.7528,"Apr 17, 14",0.008433981775965448
2014-04-21,20.626,20.6733,20.2006,20.6071,3165823,3165823,-0.066169,-0.32,20.4334,"Apr 21, 14",0.005204776492166008
2014-04-22,20.6165,20.9852,20.5315,20.9096,3598566,3598566,0.302489,1.468,20.805,"Apr 22, 14",0.019960586134904784
2014-04-23,20.919,21.3255,20.8623,21.1459,2890829,2890829,0.236321,1.13,21.1239,"Apr 23, 14",0.03148719049384412
2014-04-24,20.9001,21.3255,20.8056,21.0136,2616994,2616994,-0.13234,-0.626,21.0772,"Apr 24, 14",0.025033657879846308
2014-04-25,21.1837,21.3633,21.0136,21.2404,2336182,2336182,0.226866,1.08,21.1992,"Apr 25, 14",0.036096856646699677
2014-04-28,21.1648,21.2215,20.8056,21.0041,2545418,2545418,-0.23632,-1.113,20.9592,"Apr 28, 14",0.02457025228776034
2014-04-29,20.9947,21.4484,20.9663,21.3066,2473418,2473418,0.30249,1.44,21.2872,"Apr 29, 14",0.039326061930498944
2014-04-30,21.0703,21.1365,20.7772,20.9852,2861115,2861115,-0.321394,-1.508,20.941,"Apr 30, 14",0.023648319057189122
2014-05-01,20.7772,21.2026,20.6827,21.0419,2283763,2283763,0.056716,0.27,20.996,"May 1, 14",0.026414118748902423
2014-05-02,21.0986,21.5147,20.9758,21.3444,3162073,3162073,0.302488,1.438,21.3009,"May 2, 14",0.0411699283916412
2014-05-05,21.5051,21.5524,21.023,21.1648,2704090,2704090,-0.179601,-0.841,21.2306,"May 5, 14",0.032409123724415165
2014-05-06,21.1837,21.231,20.8434,20.9096,2201914,2201914,-0.255226,-1.206,20.9677,"May 6, 14",0.019960586134904784
2014-05-07,20.8718,20.9096,20.3235,20.4748,3129385,3129385,-0.434829,-2.08,20.4944,"May 7, 14",-0.001248756121831805
2014-05-08,20.4464,20.8529,20.418,20.6071,2914893,2914893,0.13234,0.646,21.0038,"May 8, 14",0.005204776492166008
2014-05-09,20.5315,20.7914,20.3235,20.5031,2149909,2149909,-0.10398,-0.505,20.501,"May 9, 14",0.00013170474722448407
2014-05-12,20.8245,21.0136,20.6118,20.7583,2882866,2882866,0.255224,1.245,20.817,"May 12, 14",0.012580242336734862
2014-05-13,20.7489,21.0041,20.7394,20.8056,2250293,2250293,0.047264,0.228,20.8546,"May 13, 14",0.014887514389963087
2014-05-14,21.1081,21.1743,20.8812,20.919,2070667,2070667,0.113434,0.545,20.9965,"May 14, 14",0.020419113773389858
2014-05-15,20.834,20.8529,20.3235,20.5882,3884515,3884515,-0.330849,-1.582,20.564,"May 15, 14",0.004282843261594966
2014-05-16,20.4459,20.5028,20.1377,20.2658,2501380,2501380,-0.32243,-1.566,20.2802,"May 16, 14",-0.011443679147723965
2014-05-19,20.427,20.6072,20.2278,20.5692,2364316,2364316,0.303466,1.497,20.433,"May 19, 14",0.003356032077422857
2014-05-20,20.4175,20.5882,20.2278,20.3416,1732984,1732984,-0.2276,-1.107,20.3685,"May 20, 14",-0.007746190318237664
2014-05-21,20.2658,20.4649,20.1614,20.4554,1966863,1966863,0.113798,0.559,20.3276,"May 21, 14",-0.002195079120407317
2014-05-22,20.6356,20.6735,20.389,20.4459,1939156,1939156,-0.009483,-0.046,20.4767,"May 22, 14",-0.0026584847124932844
2014-05-23,20.4839,20.4934,20.0382,20.1994,2225124,2225124,-0.246563,-1.206,20.1804,"May 23, 14",-0.01468264033872502
2014-05-27,20.0287,20.0951,19.436,19.5355,5213074,5213074,-0.663828,-3.286,19.6344,"May 27, 14",-0.04706737429513571
2014-05-28,19.564,19.564,18.995,19.1657,4365941,4365941,-0.369849,-1.893,19.1791,"May 28, 14",-0.06510604671128359
2014-05-29,19.0898,19.4786,19.0329,19.3933,2898423,2898423,0.227598,1.188,19.2937,"May 29, 14",-0.05400382431562307
2014-05-30,19.3743,19.5166,19.0329,19.4786,4085276,4085276,0.08535,0.44,19.2665,"May 30, 14",-0.0498429298940508
2014-06-02,19.4786,19.8675,19.2605,19.4597,3681388,3681388,-0.018967,-0.097,19.5315,"Jun 2, 14",-0.05076486312462184
2014-06-03,19.4312,19.6778,19.1657,19.6399,2966185,2966185,0.180182,0.926,19.4624,"Jun 3, 14",-0.04197479073579044
2014-06-04,19.6209,19.7631,19.4503,19.5355,2984343,2984343,-0.104314,-0.531,19.6175,"Jun 4, 14",-0.04706737429513571
2014-06-05,19.7252,20.0382,19.6399,19.7821,3675897,3675897,0.246562,1.262,19.8469,"Jun 5, 14",-0.03503834071530308
2014-06-06,19.858,19.9528,19.5166,19.8769,2486292,2486292,0.094834,0.479,19.7947,"Jun 6, 14",-0.030414040701644846
2014-06-09,19.9149,20.0287,19.8295,19.839,1533245,1533245,-0.037935,-0.191,19.9088,"Jun 9, 14",-0.032262785116388
2014-06-10,19.9244,20.2183,19.9149,20.1899,3186189,3186189,0.350883,1.769,20.1377,"Jun 10, 14",-0.015146045930810988
2014-06-11,20.3606,20.6735,20.2942,20.6261,3312625,3312625,0.43623,2.161,20.5192,"Jun 11, 14",0.0061315876763381166
2014-06-12,20.7589,21.1003,20.702,21.0908,4402369,4402369,0.464682,2.253,20.9691,"Jun 12, 14",0.0287994380597453
2014-06-13,21.0908,21.5081,20.9011,21.4417,4844513,4844513,0.35088,1.664,21.2573,"Jun 13, 14",0.04591617724532213
2014-06-16,21.546,21.6788,21.252,21.6598,4236078,4236078,0.218117,1.017,21.4955,"Jun 16, 14",0.05655499404889668
2014-06-17,21.4512,21.84,21.3658,21.8305,3757532,3757532,0.170699,0.788,21.7235,"Jun 17, 14",0.06488166084564212
2014-06-18,21.821,22.409,21.7452,22.3805,4362449,4362449,0.55003,2.52,22.1598,"Jun 18, 14",0.09171040565062157
2014-06-19,22.6745,23.841,22.6745,23.7556,8407423,8407423,1.3751,6.144,23.3277,"Jun 19, 14",0.158787145616671
2014-06-20,23.6703,23.7461,23.3194,23.5659,5167218,5167218,-0.189666,-0.798,23.5427,"Jun 20, 14",0.14953366763575346
2014-06-23,23.7651,24.4005,23.6513,24.2393,5903265,5903265,0.673314,2.857,24.1604,"Jun 23, 14",0.18238180718425012
2014-06-24,24.4289,24.5617,23.6228,23.7177,7137912,7137912,-0.52158,-2.152,23.9833,"Jun 24, 14",0.15693840120192784
2014-06-25,23.6987,24.2203,23.6323,24.0401,4553754,4553754,0.322429,1.359,24.0161,"Jun 25, 14",0.1726649236112466
2014-06-26,23.8979,24.5427,23.8694,24.4858,4882697,4882697,0.445714,1.854,24.2778,"Jun 26, 14",0.19440596281048186
2014-06-27,24.5048,24.7513,24.2393,24.5522,3762501,3762501,0.066382,0.271,24.5159,"Jun 27, 14",0.1976449240014829
2014-06-30,24.3625,25.0169,24.0117,24.9126,4411479,4411479,0.360364,1.468,24.6172,"Jun 30, 14",0.21522506877914588
2014-07-01,24.9695,25.1307,24.4668,24.6375,3294780,3294780,-0.275014,-1.104,24.7341,"Jul 1, 14",0.20180581842305517
2014-07-02,24.6186,25.2729,24.6186,25.0643,4222259,4222259,0.426748,1.732,25.0524,"Jul 2, 14",0.22262492439171921
2014-07-03,24.7893,25.216,24.6755,25.1781,2317733,2317733,0.113799,0.454,24.9725,"Jul 3, 14",0.22817603558954955
2014-07-07,24.9789,25.216,24.8358,25.0833,3844316,3844316,-0.094831,-0.377,25.043,"Jul 7, 14",0.2235517355758913
2014-07-08,25.2824,25.5005,24.8367,25.3867,6049629,6049629,0.303463,1.21,25.1932,"Jul 8, 14",0.23835144680103815
2014-07-09,25.5385,25.8324,25.4152,25.7092,5694453,5694453,0.322432,1.27,25.6222,"Jul 9, 14",0.2540828471639578
2014-07-10,26.2307,26.2307,25.0358,25.1591,6947725,6947725,-0.550028,-2.139,25.6959,"Jul 10, 14",0.22724922440537745
2014-07-11,25.1781,25.9178,24.96,25.8419,4719767,4719767,0.682796,2.714,25.4978,"Jul 11, 14",0.2605558915923592
2014-07-14,25.0927,25.491,24.9695,25.2065,4989273,4989273,-0.635382,-2.459,25.1837,"Jul 14, 14",0.22956137441220656
2014-07-15,25.2255,25.3488,24.2013,24.2962,6834374,6834374,-0.910394,-3.612,24.6403,"Jul 15, 14",0.18515736278316522
2014-07-16,24.4479,24.8461,24.3521,24.6375,4325268,4325268,0.341397,1.405,24.6508,"Jul 16, 14",0.20180581842305517
2014-07-17,24.7703,25.3962,24.666,25.235,4741434,4741434,0.597447,2.425,25.1062,"Jul 17, 14",0.23095159118846464
2014-07-18,24.9884,25.2729,24.8557,25.2634,2841940,2841940,0.028451,0.113,25.0769,"Jul 18, 14",0.23233693001112182
2014-07-21,25.3867,25.4816,24.9505,25.3298,3237482,3237482,0.066384,0.263,25.2295,"Jul 21, 14",0.23557589120212288
2014-07-22,25.3203,25.4446,25.0169,25.1212,3245927,3245927,-0.208634,-0.824,25.2059,"Jul 22, 14",0.22540047999063448
2014-07-23,25.1212,25.3535,25.0051,25.0643,2311472,2311472,-0.0569,-0.227,25.1756,"Jul 23, 14",0.22262492439171921
2014-07-24,24.8651,24.941,24.5712,24.6755,2975790,2975790,-0.388814,-1.551,24.7029,"Jul 24, 14",0.20365944079139922
2014-07-25,24.6375,25.3583,24.5806,25.3298,3510768,3510768,0.654348,2.652,25.1013,"Jul 25, 14",0.23557589120212288
2014-07-28,25.1402,25.4341,25.0738,25.3962,2704289,2704289,0.066381,0.262,25.2497,"Jul 28, 14",0.2388148523931241
2014-07-29,25.4531,25.5479,25.1402,25.3109,2150026,2150026,-0.085349,-0.336,25.336,"Jul 29, 14",0.23465395797155184
2014-07-30,25.1781,25.2255,24.7798,25.0643,3285363,3285363,-0.246566,-0.974,24.9953,"Jul 30, 14",0.22262492439171921
2014-07-31,24.9695,25.0142,24.5617,24.7608,3371038,3371038,-0.303463,-1.211,24.7856,"Jul 31, 14",0.2078203352129715
2014-08-01,24.8936,25.235,24.5522,24.7324,3964495,3964495,-0.028452,-0.115,24.7814,"Aug 1, 14",0.20643499639031432
2014-08-04,24.8177,24.9126,24.3625,24.6944,2381218,2381218,-0.037933,-0.153,24.647,"Aug 4, 14",0.20458137402197044
2014-08-05,24.5712,24.8367,24.2108,24.7513,3268378,3268378,0.0569,0.23,24.5045,"Aug 5, 14",0.20735692962088553
2014-08-06,25.0738,25.2824,24.9979,25.1591,3052170,3052170,0.407783,1.648,25.1584,"Aug 6, 14",0.22724922440537745
2014-08-07,25.0833,25.3203,24.7893,25.2065,2414068,2414068,0.047414,0.188,25.1174,"Aug 7, 14",0.22956137441220656
2014-08-08,25.235,25.6902,25.1402,25.1971,2496632,2496632,-0.009481,-0.038,25.3746,"Aug 8, 14",0.2291028467737215
2014-08-11,25.254,25.5764,25.1971,25.491,2293863,2293863,0.293979,1.167,25.4723,"Aug 11, 14",0.24343915240678235
2014-08-12,25.6048,25.9995,25.529,25.6902,3432977,3432977,0.199149,0.781,25.8194,"Aug 12, 14",0.25315603597978587
2014-08-13,25.7945,26.0506,25.6617,25.7755,2440712,2440712,0.08535,0.332,25.8335,"Aug 13, 14",0.2573169304013581
2014-08-14,25.491,25.5859,24.2642,24.4858,6042279,6042279,-1.2897,-5.004,24.7589,"Aug 14, 14",0.19440596281048186
2014-08-15,24.1539,24.3436,23.9168,24.2867,3874904,3874904,-0.19915,-0.813,24.1643,"Aug 15, 14",0.18469395719107923
2014-08-18,24.0686,24.5095,24.0022,24.4668,2558532,2558532,0.180183,0.742,24.2283,"Aug 18, 14",0.19347915162630974
2014-08-19,24.4289,24.4763,24.0022,24.0117,3095549,3095549,-0.455194,-1.86,24.1505,"Aug 19, 14",0.1712795847885896
2014-08-20,24.078,24.4384,23.9737,24.1729,2730803,2730803,0.161213,0.671,24.1747,"Aug 20, 14",0.1791428459932489
2014-08-21,23.9358,23.9737,23.3099,23.5565,5120440,5120440,-0.616413,-2.55,23.5477,"Aug 21, 14",0.14907513999726837
2014-08-22,23.6039,23.6797,23.253,23.6134,3019679,3019679,0.0569,0.242,23.5251,"Aug 22, 14",0.15185069559618347
2014-08-25,23.4613,23.5658,23.1666,23.2331,2739945,2739945,-0.38024,-1.61,23.2868,"Aug 25, 14",0.1332998380519405
2014-08-26,23.4993,23.6419,23.3282,23.4803,2574651,2574651,0.247163,1.064,23.4612,"Aug 26, 14",0.14535813935337852
2014-08-27,23.5278,23.6419,23.0887,23.3092,2215121,2215121,-0.171111,-0.729,23.3542,"Aug 27, 14",0.1370119607422295
2014-08-28,23.5088,23.7084,23.3092,23.6229,2340293,2340293,0.313703,1.346,23.5267,"Aug 28, 14",0.1523141011882696
2014-08-29,23.5468,23.9622,23.3776,23.775,2495450,2495450,0.1521,0.644,23.7597,"Aug 29, 14",0.1597334686152465
2014-09-02,23.3092,23.5563,23.062,23.1761,4016658,4016658,-0.598891,-2.519,23.2709,"Sep 2, 14",0.13051940449942454
2014-09-03,23.2236,23.3757,23.024,23.081,3303476,3303476,-0.095061,-0.41,23.1303,"Sep 3, 14",0.12588047062496344
2014-09-04,23.1571,23.4898,22.6532,22.7673,4370620,4370620,-0.313705,-1.359,23.0222,"Sep 4, 14",0.11057833017892332
2014-09-05,22.7483,22.986,22.5867,22.9384,2569652,2569652,0.171113,0.752,22.8113,"Sep 5, 14",0.1189245087900725
2014-09-08,22.8053,22.8624,22.1969,22.349,4055479,4055479,-0.589384,-2.569,22.3557,"Sep 8, 14",0.09017385026633633
2014-09-09,22.4061,22.7198,22.1494,22.6437,3524688,3524688,0.294691,1.319,22.4342,"Sep 9, 14",0.10454917952820433
2014-09-10,22.5011,22.7483,22.3158,22.4726,2916358,2916358,-0.171113,-0.756,22.4765,"Sep 10, 14",0.09620300091705532
2014-09-11,22.2635,22.4061,21.9403,22.349,4117691,4117691,-0.123578,-0.55,22.1696,"Sep 11, 14",0.09017385026633633
2014-09-12,22.1589,22.3585,21.7026,21.8832,4789707,4789707,-0.465804,-2.084,21.9619,"Sep 12, 14",0.06745234239331914
2014-09-15,21.9308,21.9414,21.5125,21.7026,2841746,2841746,-0.180616,-0.825,21.6762,"Sep 15, 14",0.05864275819008416
2014-09-16,21.7502,22.0924,21.4079,21.9213,4723149,4723149,0.21864,1.007,21.8227,"Sep 16, 14",0.06931084271526408
2014-09-17,21.9498,21.9498,21.2653,21.3794,3927399,3927399,-0.541851,-2.472,21.5736,"Sep 17, 14",0.042877212151958076
2014-09-18,21.2463,21.3224,21.0182,21.1513,4363907,4363907,-0.228149,-1.067,21.1508,"Sep 18, 14",0.03175059998829292
2014-09-19,21.0752,21.1132,20.2101,20.3337,6591562,6591562,-0.817531,-3.865,20.4638,"Sep 19, 14",-0.008131548652709155
2014-09-22,20.3052,20.3337,19.7539,19.8299,7304801,7304801,-0.50383,-2.478,19.9177,"Sep 22, 14",-0.03270667889407039
2014-09-23,20.058,20.1531,19.7634,19.8014,7501432,7501432,-0.028517,-0.144,19.8753,"Sep 23, 14",-0.03409689567032829
2014-09-24,19.7063,19.9915,19.4497,19.7634,5449145,5449145,-0.038024,-0.192,19.7296,"Sep 24, 14",-0.03595051803867234
2014-09-25,19.5637,19.8679,19.3641,19.6873,4055089,4055089,-0.07605,-0.385,19.6355,"Sep 25, 14",-0.03966264072896132
2014-09-26,19.6303,19.6303,19.3641,19.4972,3148087,3148087,-0.190125,-0.966,19.4682,"Sep 26, 14",-0.04893563052428244
2014-09-29,19.5352,19.5922,19.2405,19.2595,3180079,3180079,-0.237655,-1.219,19.3318,"Sep 29, 14",-0.06053052623363446
2014-09-30,19.1455,19.1835,18.7937,18.9458,6695731,6695731,-0.313702,-1.629,18.9542,"Sep 30, 14",-0.07583266667967457
2014-10-01,18.9839,19.4782,18.9648,19.1169,5669247,5669247,0.17111,0.903,19.2012,"Oct 1, 14",-0.06748648806852539
2014-10-02,19.2405,19.2785,18.5941,19.0409,6703795,6703795,-0.076049,-0.398,18.9418,"Oct 2, 14",-0.07119373280521349
2014-10-03,18.7367,18.7747,18.2139,18.2424,7151752,7151752,-0.798519,-4.194,18.352,"Oct 3, 14",-0.11014419230844272
2014-10-06,18.4325,18.6701,18.2139,18.6226,4861443,4861443,0.380247,2.084,18.5003,"Oct 6, 14",-0.09159821271780066
2014-10-07,18.6701,18.7367,17.9952,18.1093,5889434,5889434,-0.513335,-2.757,18.2838,"Oct 7, 14",-0.11663674855124768
2014-10-08,18.2994,19.6826,17.8716,19.5732,10483270,10483270,1.464,8.084,18.8675,"Oct 8, 14",-0.04522838578759435
2014-10-09,19.7063,19.7063,18.1568,18.5941,9921727,9921727,-0.979135,-5.002,18.706,"Oct 9, 14",-0.09298842949405857
2014-10-10,18.5466,19.1169,18.0998,18.461,7054916,7054916,-0.133087,-0.716,18.6092,"Oct 10, 14",-0.0994809857368637
2014-10-13,18.6987,18.9553,18.2899,18.3469,6276010,6276010,-0.114075,-0.618,18.6445,"Oct 13, 14",-0.10504673079549656
2014-10-14,18.6321,19.2548,18.5941,18.8508,7445416,7445416,0.503827,2.746,18.9149,"Oct 14, 14",-0.0804667226005346
2014-10-15,18.9934,19.6113,18.5846,18.8983,9250235,9250235,0.047533,0.252,19.1365,"Oct 15, 14",-0.07814969464010459
2014-10-16,18.6416,19.2976,18.5656,18.8127,5834324,5834324,-0.085556,-0.453,18.983,"Oct 16, 14",-0.08232522292247954
2014-10-17,18.8222,18.8983,18.3802,18.5371,5424612,5424612,-0.275679,-1.465,18.5715,"Oct 17, 14",-0.09576886304657471
2014-10-20,18.6797,19.0219,18.5656,19.0029,4057731,4057731,0.465801,2.513,18.8447,"Oct 20, 14",-0.07304735517355752
2014-10-21,19.2405,19.4306,18.9886,19.1264,4011121,4011121,0.123581,0.65,19.1955,"Oct 21, 14",-0.06702308247643943
2014-10-22,18.8793,19.0789,18.2709,18.3945,5227472,5227472,-0.731974,-3.827,18.6102,"Oct 22, 14",-0.10272482488146566
2014-10-23,18.4135,18.9458,18.2424,18.7367,4723474,4723474,0.342222,1.86,18.5561,"Oct 23, 14",-0.08603246765916764
2014-10-24,18.7937,18.9363,18.442,18.7652,3184067,3184067,0.028517,0.152,18.725,"Oct 24, 14",-0.08464225088290955
2014-10-27,18.5941,18.6321,18.3089,18.3945,3602279,3602279,-0.370739,-1.976,18.4161,"Oct 27, 14",-0.10272482488146566
2014-10-28,18.5276,18.9648,18.3564,18.9078,3209057,3209057,0.513332,2.791,18.7157,"Oct 28, 14",-0.07768628904801846
2014-10-29,18.7557,19.0409,18.0903,18.2709,5189534,5189534,-0.636914,-3.369,18.5099,"Oct 29, 14",-0.10875397553218465
2014-10-30,18.3564,18.5561,17.8526,18.1188,7138078,7138078,-0.1521,-0.832,18.206,"Oct 30, 14",-0.11617334295916172
2014-10-31,16.189,16.788,15.9514,16.5122,10644538,10644538,-1.6065,-8.867,16.5039,"Oct 31, 14",-0.19454254551130706
2014-11-03,16.5313,17.1087,16.3316,17.0256,5492697,5492697,0.513334,3.109,16.8037,"Nov 3, 14",-0.16949913172425896
2014-11-04,16.8735,16.9685,16.2936,16.3697,5882798,5882798,-0.655928,-3.853,16.5205,"Nov 4, 14",-0.2014936293925971
2014-11-05,15.8848,16.979,15.7517,16.208,8178243,8178243,-0.161604,-0.987,16.4631,"Nov 5, 14",-0.2093812803652612
2014-11-06,16.3982,17.3488,16.3041,16.9495,7947896,7947896,0.741482,4.575,17.0086,"Nov 6, 14",-0.17321125441454796
2014-11-07,17.3203,18.0618,17.2918,17.9287,7449422,7449422,0.979136,5.777,17.7674,"Nov 7, 14",-0.12544633275448283
2014-11-10,17.7671,17.8146,16.959,17.0731,7639421,7639421,-0.855555,-4.772,17.2462,"Nov 10, 14",-0.16718210376382894
2014-11-11,17.2537,18.1093,17.2442,17.7671,7352595,7352595,0.69395,4.065,17.7456,"Nov 11, 14",-0.13332910577354587
2014-11-12,17.8146,18.4325,17.4819,18.0713,7598430,7598430,0.3042,1.712,17.8782,"Nov 12, 14",-0.11849037091959173
2014-11-13,18.3564,18.5561,17.8526,18.1188,7140071,7140071,0.047529,0.263,18.206,"Nov 13, 14",-0.11617334295916172
2014-11-14,17.8526,19.3735,17.6435,19.193,8574479,8574479,1.0742,5.929,18.8852,"Nov 14, 14",-0.06377436537823641
2014-11-17,19.1074,19.8299,18.9173,19.5827,7586215,7586215,0.389752,2.031,19.473,"Nov 17, 14",-0.04476498019550838
2014-11-18,19.925,20.3813,19.6883,20.2957,7619267,7619267,0.712964,3.641,20.0998,"Nov 18, 14",-0.009985171021053198
2014-11-19,20.2957,20.3622,19.4401,19.6493,8659094,8659094,-0.646419,-3.185,19.884,"Nov 19, 14",-0.04151626309730536
2014-11-20,19.9345,20.3813,19.8014,20.2577,5754395,5754395,0.608394,3.096,20.1227,"Nov 20, 14",-0.011838793389397244
2014-11-21,20.79,20.9041,20.039,20.2577,6813685,6813685,0,0,20.4596,"Nov 21, 14",-0.011838793389397244
2014-11-24,20.1052,20.496,19.8573,20.0956,4734932,4734932,-0.162051,-0.8,20.1247,"Nov 24, 14",-0.019745956176464755
2014-11-25,20.0861,20.8392,20.0861,20.8201,5486806,5486806,0.72451,3.605,20.5773,"Nov 25, 14",0.015594817662094447
2014-11-26,20.8106,20.8106,20.3626,20.4102,3469602,3469602,-0.409919,-1.969,20.5026,"Nov 26, 14",-0.004399914148016594
2014-11-28,19.619,19.6571,18.8277,18.9898,4699725,4699725,-1.4204,-6.959,19.2162,"Nov 28, 14",-0.0736863670952762
2014-12-01,19.352,20.4722,19.352,20.3626,7634201,7634201,1.3728,7.229,20.0742,"Dec 1, 14",-0.0067218200620475016
2014-12-02,19.9336,20.4865,19.5999,19.7906,6290915,6290915,-0.57198,-2.809,19.9145,"Dec 2, 14",-0.034623714659226056
2014-12-03,20.1052,20.8583,19.9145,20.6485,6808224,6808224,0.857973,4.335,20.6114,"Dec 3, 14",0.007224249282940794
2014-12-04,20.6485,20.8678,20.0098,20.1624,5612254,5612254,-0.486185,-2.355,20.3857,"Dec 4, 14",-0.01648748317105995
2014-12-05,19.8573,20.4007,19.5236,20.1719,6757364,6757364,0.00953,0.047,20.0987,"Dec 5, 14",-0.016024077578973984
2014-12-08,20.4483,20.4674,19.4855,20.1052,5768952,5768952,-0.066727,-0.331,19.9731,"Dec 8, 14",-0.019277672630777894
2014-12-09,20.5723,21.1347,20.4102,20.8011,6451842,6451842,0.695909,3.461,20.8638,"Dec 9, 14",0.014668006477922511
2014-12-10,20.7725,21.192,20.1052,20.2005,5898045,5898045,-0.60058,-2.887,20.5724,"Dec 10, 14",-0.014628982849115013
2014-12-11,19.9431,20.5532,19.6857,19.8478,5509331,5509331,-0.352723,-1.746,19.9926,"Dec 11, 14",-0.031833525199508286
2014-12-12,19.7143,20.2186,19.4664,19.6285,4613616,4613616,-0.21926,-1.105,19.7687,"Dec 12, 14",-0.04253087744629374
2014-12-15,19.3425,19.6284,18.332,18.3797,7493887,7493887,-1.2488,-6.362,18.9468,"Dec 15, 14",-0.10344676201439969
2014-12-16,18.8373,18.8659,17.8458,17.9793,6557813,6557813,-0.400387,-2.178,18.2573,"Dec 16, 14",-0.12297808823242476
2014-12-17,18.0842,19.4474,17.8172,19.3425,8834383,8834383,1.3632,7.582,18.8481,"Dec 17, 14",-0.056481824744882926
2014-12-18,19.7238,19.8668,19.047,19.781,5434626,5434626,0.43852,2.267,19.5465,"Dec 18, 14",-0.03509199820491309
2014-12-19,19.8764,20.2258,19.4569,19.495,13071390,13071390,-0.285993,-1.446,19.6918,"Dec 19, 14",-0.04904294550350228
2014-12-22,19.5618,19.7334,18.3368,18.5894,7156660,7156660,-0.905634,-4.645,18.7614,"Dec 22, 14",-0.0932176933133011
2014-12-23,18.6371,19.3425,18.4464,18.5989,4869836,4869836,0.00953,0.051,18.9474,"Dec 23, 14",-0.09275428772121513
2014-12-24,18.6275,19.2281,18.3797,19.0184,2387488,2387488,0.419455,2.255,18.8937,"Dec 24, 14",-0.07229127236541723
2014-12-26,19.5332,19.5904,19.1329,19.3711,2726717,2726717,0.352722,1.855,19.3792,"Dec 26, 14",-0.05508673001502413
2014-12-29,19.2377,19.2758,18.7991,18.8849,3804820,3804820,-0.486187,-2.51,18.9566,"Dec 29, 14",-0.07880334042262595
2014-12-30,19.1995,19.6857,19.1042,19.2949,3972260,3972260,0.409922,2.171,19.4376,"Dec 30, 14",-0.058803730658914005
2014-12-31,19.2377,19.6094,19.1042,19.3806,3619306,3619306,0.085796,0.445,19.3612,"Dec 31, 14",-0.05462332442293799
2015-01-02,19.0565,19.8954,18.9803,19.8668,3615205,3615205,0.486187,2.509,19.5946,"Jan 2, 15",-0.030906714015336175
2015-01-05,20.048,20.2196,19.495,20.0766,4699862,4699862,0.209727,1.056,19.9321,"Jan 5, 15",-0.020672767360636866
2015-01-06,20.191,20.9345,20.1338,20.782,6312534,6312534,0.705444,3.514,20.6668,"Jan 6, 15",0.013736317340149507
2015-01-07,20.4102,20.9155,20.1242,20.3816,5008237,5008237,-0.400389,-1.927,20.5067,"Jan 7, 15",-0.005795008877875566
2015-01-08,20.4483,20.8201,19.9526,20.1052,4288628,4288628,-0.276456,-1.356,20.4128,"Jan 8, 15",-0.019277672630777894
2015-01-09,20.2482,20.7915,20.21,20.6867,4048684,4048684,0.581514,2.892,20.5389,"Jan 9, 15",0.009087627558486628
2015-01-12,20.7629,21.8306,20.6676,21.6686,6027529,6027529,0.981899,4.747,21.4534,"Jan 12, 15",0.056984253965776395
2015-01-13,22.0118,22.1214,21.0489,21.4398,6721645,6721645,-0.228789,-1.056,21.6301,"Jan 13, 15",0.04582349612690497
2015-01-14,21.5351,21.7067,20.8964,21.2968,5842117,5842117,-0.142997,-0.667,21.2493,"Jan 14, 15",0.038848022477610294
2015-01-15,21.9546,22.1071,21.64,21.7353,7320312,7320312,0.438519,2.059,21.8856,"Jan 15, 15",0.06023784901758013
2015-01-16,21.9355,22.5456,21.8688,22.2215,7469650,7469650,0.486185,2.237,22.2473,"Jan 16, 15",0.08395445942518194
2015-01-20,22.4408,22.9937,22.4217,22.6695,5915077,5915077,0.448053,2.016,22.7134,"Jan 20, 15",0.10580769155723792
2015-01-21,23.0604,23.0871,21.8974,22.3168,6066828,6066828,-0.352723,-1.556,22.3177,"Jan 21, 15",0.08860314920684483
2015-01-22,22.517,23.0127,22.4312,22.4598,4735761,4735761,0.142996,0.641,22.7057,"Jan 22, 15",0.09557862285613951
2015-01-23,22.2882,22.4408,21.802,21.9736,3894075,3894075,-0.486185,-2.165,22.0224,"Jan 23, 15",0.0718620124485377
2015-01-26,21.5828,22.3979,21.3731,22.374,3732913,3732913,0.400387,1.822,22.0275,"Jan 26, 15",0.09139333866656259
2015-01-27,22.4598,22.946,22.3645,22.8793,4427898,4427898,0.505252,2.258,22.7335,"Jan 27, 15",0.11604163821193741
2015-01-28,22.6886,22.8125,21.6018,21.8306,5346851,5346851,-1.0486,-4.583,22.2696,"Jan 28, 15",0.06488653879924301
2015-01-29,20.9727,21.5351,20.782,21.211,5684628,5684628,-0.619647,-2.838,21.0625,"Jan 29, 15",0.03466273828803338
2015-01-30,21.2015,22.1509,21.0585,21.8974,4942834,4942834,0.686379,3.236,21.7092,"Jan 30, 15",0.06814501180464781
2015-02-02,21.6018,22.2596,21.5256,22.069,4151749,4151749,0.171595,0.784,22.0318,"Feb 2, 15",0.0765155801838013
2015-02-03,21.9641,22.0022,21.2777,21.5732,4461144,4461144,-0.495719,-2.246,21.598,"Feb 3, 15",0.05233068623051262
2015-02-04,21.7544,22.2406,21.4598,22.0404,3796582,3796582,0.467117,2.165,21.9073,"Feb 4, 15",0.0751204854539425
2015-02-05,21.8878,22.2739,21.7353,22.2406,3109455,3109455,0.200195,0.908,22.0913,"Feb 5, 15",0.08488614856295494
2015-02-06,21.5732,21.9546,21.1062,21.2873,4870538,4870538,-0.953303,-4.286,21.4,"Feb 6, 15",0.03838461688552415
2015-02-09,21.5065,21.6304,21.2873,21.4589,2491990,2491990,0.171595,0.806,21.4683,"Feb 9, 15",0.046755185264677805
2015-02-10,21.1824,21.2682,20.8011,21.1347,3115791,3115791,-0.324124,-1.51,21.0735,"Feb 10, 15",0.030940859690542607
2015-02-11,21.1633,21.2777,20.7629,21.0108,2639859,2639859,-0.123928,-0.586,20.9868,"Feb 11, 15",0.024897075179020928
2015-02-12,21.3445,21.5351,21.0871,21.3731,3532016,3532016,0.362254,1.724,21.3069,"Feb 12, 15",0.042569901075101065
2015-02-13,21.6781,22.0404,21.64,21.6972,2769958,2769958,0.324121,1.516,21.833,"Feb 13, 15",0.05837934869563519
2015-02-17,21.1729,21.3921,20.7153,20.7534,4380098,4380098,-0.943767,-4.35,20.9796,"Feb 17, 15",0.012341222610290538
2015-02-18,20.8011,21.3159,20.5151,21.2491,3980882,3980882,0.495719,2.389,20.9507,"Feb 18, 15",0.036521238609978315
2015-02-19,21.3349,21.3349,20.5913,20.6962,3262082,3262082,-0.552919,-2.602,20.8259,"Feb 19, 15",0.009551033150572768
2015-02-20,20.6771,21.0871,20.3673,20.4198,3017168,3017168,-0.276454,-1.336,20.6349,"Feb 20, 15",-0.003931630602329732
2015-02-23,20.2291,20.3538,19.9526,20.2005,3959311,3959311,-0.219262,-1.074,20.1152,"Feb 23, 15",-0.014628982849115013
2015-02-24,19.9812,20.4579,19.9622,20.1528,2776128,2776128,-0.047666,-0.236,20.1509,"Feb 24, 15",-0.016955766716746985
2015-02-25,20.3244,20.5199,20.1528,20.3816,2773972,2773972,0.228793,1.135,20.3788,"Feb 25, 15",-0.005795008877875566
2015-02-26,20.639,20.7248,20.353,20.4388,2283453,2283453,0.057201,0.281,20.5405,"Feb 26, 15",-0.0030048194181576237
2015-02-27,20.5532,20.8106,20.4293,20.5818,2405287,2405287,0.142992,0.7,20.6125,"Feb 27, 15",0.003970654231137058
2015-03-02,20.5246,20.6198,20.0861,20.21,2760789,2760789,-0.371785,-1.806,20.3052,"Mar 2, 15",-0.014165577257029044
2015-03-03,19.2091,19.4569,18.9135,19.0851,8396195,8396195,-1.1249,-5.566,19.1554,"Mar 3, 15",-0.06903767731361332
2015-03-04,18.9898,19.0851,18.8182,18.9707,4146415,4146415,-0.114397,-0.599,18.9366,"Mar 4, 15",-0.07461805623304903
2015-03-05,19.0184,19.0947,18.6561,18.6847,4303768,4303768,-0.285991,-1.508,18.8187,"Mar 5, 15",-0.0885690035316384
2015-03-06,18.2176,18.4178,17.8649,17.9126,7143169,7143169,-0.772176,-4.133,18.0271,"Mar 6, 15",-0.1262316832842285
2015-03-09,17.9412,18.0556,17.4369,17.6361,4806520,4806520,-0.276458,-1.543,17.6687,"Mar 9, 15",-0.1397192249907319
2015-03-10,17.617,17.884,17.2167,17.3406,5571012,5571012,-0.295524,-1.676,17.4674,"Mar 10, 15",-0.15413357788140722
2015-03-11,17.3025,17.7505,17.1023,17.6933,6396857,6396857,0.352723,2.034,17.4733,"Mar 11, 15",-0.13692903553101396
2015-03-12,17.8744,17.9698,17.5026,17.6933,3596426,3596426,0,0,17.7278,"Mar 12, 15",-0.13692903553101396
2015-03-13,17.7553,18.0174,17.4359,17.9698,3909910,3909910,0.276456,1.562,17.7893,"Mar 13, 15",-0.12344149382451074
2015-03-16,18.0842,18.17,17.6266,17.9412,4840949,4840949,-0.028599,-0.159,17.9198,"Mar 16, 15",-0.1248365885543697
2015-03-17,17.7505,17.9478,17.4836,17.5884,5151433,5151433,-0.35272,-1.966,17.6549,"Mar 17, 15",-0.1420460088583637
2015-03-18,17.455,18.2605,17.4073,18.1223,11746925,11746925,0.53385,3.035,17.819,"Mar 18, 15",-0.11600261458313009
2015-03-19,18.0746,18.7324,17.8935,18.5131,6690027,6690027,0.390852,2.157,18.4569,"Mar 19, 15",-0.09693957191079187
2015-03-20,18.8277,19.3044,18.7324,19.2472,8147920,8147920,0.734044,3.965,19.1328,"Mar 20, 15",-0.06113051452654581
2015-03-23,19.3997,19.5141,18.9135,19.4569,5827135,5827135,0.209728,1.09,19.2334,"Mar 23, 15",-0.05090144582544722
2015-03-24,19.4855,19.5618,19.1614,19.3806,5007887,5007887,-0.076266,-0.392,19.3784,"Mar 24, 15",-0.05462332442293799
2015-03-25,19.5522,19.5999,19.1042,19.1042,3418345,3418345,-0.276457,-1.426,19.3063,"Mar 25, 15",-0.06810598817584049
2015-03-26,19.3902,19.5236,18.6561,18.7991,3868294,3868294,-0.305056,-1.597,19.0574,"Mar 26, 15",-0.08298862461220269
2015-03-27,18.9043,19.0285,18.3786,18.7513,3479770,3479770,-0.047796,-0.254,18.7564,"Mar 27, 15",-0.08532028643343538
2015-03-30,18.5602,18.5984,18.2114,18.3691,3475982,3475982,-0.38229,-2.039,18.3656,"Mar 30, 15",-0.10396382509609567
2015-03-31,18.3117,18.3595,17.9294,18.1779,3853877,3853877,-0.191145,-1.041,18.1404,"Mar 31, 15",-0.11329047238102662
2015-04-01,18.2735,19.2101,18.2735,18.9425,5333323,5333323,0.764581,4.206,18.9202,"Apr 1, 15",-0.07599363914850443
2015-04-02,18.8469,18.952,18.283,18.3404,4937520,4937520,-0.602107,-3.179,18.4895,"Apr 2, 15",-0.10536379777955553
2015-04-06,18.9425,19.0763,18.6749,18.78,4689006,4689006,0.439635,2.397,18.8832,"Apr 6, 15",-0.08392031374997551
2015-04-07,18.7131,19.0094,18.6175,18.6558,3439059,3439059,-0.124247,-0.662,18.7814,"Apr 7, 15",-0.08997873212230005
2015-04-08,18.7418,18.8278,18.283,18.436,3271410,3271410,-0.219814,-1.178,18.4656,"Apr 8, 15",-0.10070047413708998
2015-04-09,18.2352,18.5506,18.1875,18.3499,2611681,2611681,-0.086019,-0.467,18.3572,"Apr 9, 15",-0.1049003921874694
2015-04-10,18.6462,18.8756,18.5889,18.7227,2618300,2618300,0.372734,2.031,18.7258,"Apr 10, 15",-0.08671538116329434
2015-04-13,18.7227,18.7227,18.2352,18.2639,2745501,2745501,-0.458749,-2.45,18.3949,"Apr 13, 15",-0.10909543228424809
2015-04-14,18.3786,18.5411,18.1014,18.1492,3716773,3716773,-0.114686,-0.628,18.2582,"Apr 14, 15",-0.11469044506448649
2015-04-15,18.2448,18.6844,18.1875,18.6271,3928879,3928879,0.477864,2.633,18.4442,"Apr 15, 15",-0.09137870480575991
2015-04-16,18.8182,18.8756,18.3499,18.3882,2783535,2783535,-0.238932,-1.283,18.5104,"Apr 16, 15",-0.10303213595832267
2015-04-17,18.5029,18.9616,18.4646,18.5984,4377059,4377059,0.210258,1.143,18.7703,"Apr 17, 15",-0.0927786774892196
2015-04-20,18.5029,18.6462,18.2639,18.6271,2855267,2855267,0.028674,0.154,18.4729,"Apr 20, 15",-0.09137870480575991
2015-04-21,18.608,18.8182,18.4239,18.608,2697957,2697957,-0.019115,-0.103,18.6227,"Apr 21, 15",-0.09231039394353274
2015-04-22,18.4933,18.5889,18.111,18.2066,3203731,3203731,-0.401405,-2.157,18.2316,"Apr 22, 15",-0.11189049969756676
2015-04-23,18.2639,18.5889,18.111,18.4933,2947705,2947705,0.286718,1.575,18.3852,"Apr 23, 15",-0.09790540672377114
2015-04-24,18.3786,18.6016,18.1301,18.3117,3240715,3240715,-0.181588,-0.982,18.3126,"Apr 24, 15",-0.1067637704630154
2015-04-27,18.5793,19.3439,18.4837,18.9712,6916908,6916908,0.659448,3.601,19.062,"Apr 27, 15",-0.07459366646504456
2015-04-28,19.1145,19.7357,19.0189,19.5733,5749297,5749297,0.602108,3.174,19.5245,"Apr 28, 15",-0.045223507833993454
2015-04-29,19.6306,19.989,19.4872,19.688,4451969,4451969,0.114688,0.586,19.7763,"Apr 29, 15",-0.03962849505375506
2015-04-30,19.2865,19.2865,18.78,18.866,4919761,4919761,-0.821925,-4.175,18.9435,"Apr 30, 15",-0.07972527365319698
2015-05-01,18.7227,19.3439,18.6844,19.277,4124905,4124905,0.410964,2.178,19.1425,"May 1, 15",-0.059676884353475936
2015-05-04,19.6306,19.8504,19.3152,19.363,3287355,3287355,0.086014,0.446,19.5782,"May 4, 15",-0.05548184425669741
2015-05-05,19.6402,19.7262,18.7657,18.9425,3309560,3309560,-0.420518,-2.172,19.0887,"May 5, 15",-0.07599363914850443
2015-05-06,19.0667,19.0954,18.4312,18.7227,4085653,4085653,-0.219818,-1.16,18.648,"May 6, 15",-0.08671538116329434
2015-05-07,18.4455,19.0189,18.3595,18.9807,4138943,4138943,0.258046,1.378,18.6727,"May 7, 15",-0.0741302608729586
2015-05-08,18.9616,19.3534,18.8278,18.9807,2921606,2921606,0,0,19.0755,"May 8, 15",-0.0741302608729586
2015-05-11,19.0189,19.4872,18.9855,19.0954,2513742,2513742,0.114687,0.604,19.1984,"May 11, 15",-0.06853524809272003
2015-05-12,19.2865,19.4777,19.1862,19.2483,2967905,2967905,0.152914,0.801,19.3208,"May 12, 15",-0.0610768570369358
2015-05-13,19.7071,20.0702,19.5541,19.8218,4898463,4898463,0.573437,2.979,19.8909,"May 13, 15",-0.033101793135743664
2015-05-14,20.0702,20.1849,19.5446,19.6115,3896470,3896470,-0.21026,-1.061,19.8125,"May 14, 15",-0.04336012955844762
2015-05-15,19.5064,19.7357,19.3628,19.5637,3104457,3104457,-0.047785,-0.244,19.5963,"May 15, 15",-0.04569179137968032
2015-05-18,19.717,19.832,19.4775,19.5062,2576871,2576871,-0.057477,-0.294,19.6377,"May 18, 15",-0.04849661470020094
2015-05-19,19.2955,19.3434,18.8164,18.8356,4269685,4269685,-0.670647,-3.438,19.0144,"May 19, 15",-0.08120817154787222
2015-05-20,18.9122,19.1134,18.7685,18.7877,2973787,2973787,-0.047904,-0.254,18.8889,"May 20, 15",-0.08354471132270581
2015-05-21,18.711,18.826,18.5961,18.7589,2178238,2178238,-0.028741,-0.153,18.7355,"May 21, 15",-0.08494956195976656
2015-05-22,18.7446,18.7589,18.4907,18.5482,2529866,2529866,-0.210774,-1.124,18.577,"May 22, 15",-0.0952274101968741
2015-05-26,18.2799,18.3374,17.8296,17.9925,4732365,4732365,-0.555678,-2.996,18.0352,"May 26, 15",-0.1223341983571052
2015-05-27,18.0116,18.05,17.7721,17.9542,2339743,2339743,-0.038322,-0.213,17.9264,"May 27, 15",-0.12420245458625193
2015-05-28,17.9542,18.1937,17.7146,18.1458,3518509,3518509,0.19161,1.067,17.9572,"May 28, 15",-0.11485629548691723
2015-05-29,18.1745,18.4141,18.0308,18.2703,2785485,2785485,0.124551,0.686,18.244,"May 29, 15",-0.10878324325379019
2015-06-01,18.3949,18.5962,18.2224,18.2799,2044584,2044584,0.009581,0.052,18.3564,"Jun 1, 15",-0.10831495970810315
2015-06-02,18.3949,18.6919,18.3566,18.529,2144838,2144838,0.249098,1.363,18.5673,"Jun 2, 15",-0.09616397728824799
2015-06-03,18.3949,18.5098,18.1075,18.2512,2094816,2094816,-0.27784,-1.499,18.2791,"Jun 3, 15",-0.10971493239156302
2015-06-04,18.05,18.1554,17.8584,18.0883,2072279,2072279,-0.162873,-0.892,18.0182,"Jun 4, 15",-0.11766111880743785
2015-06-05,17.8488,18.1937,17.7242,17.8967,2199002,2199002,-0.191611,-1.059,17.9152,"Jun 5, 15",-0.12700727790677255
2015-06-08,17.9446,17.9542,17.5422,17.8584,2276290,2276290,-0.038325,-0.214,17.7309,"Jun 8, 15",-0.1288755341359193
2015-06-09,17.9254,18.0595,17.638,17.6667,2038798,2038798,-0.19161,-1.073,17.7782,"Jun 9, 15",-0.13822657118885487
2015-06-10,17.9542,18.0979,17.7673,18.05,2468156,2468156,0.383226,2.169,17.971,"Jun 10, 15",-0.11952937503658458
2015-06-11,17.9925,17.9925,17.6763,17.8296,1688605,1688605,-0.220357,-1.221,17.795,"Jun 11, 15",-0.13028038477298004
2015-06-12,17.7051,17.82,17.523,17.5901,1719495,1719495,-0.239518,-1.343,17.6437,"Jun 12, 15",-0.14196308364714832
2015-06-15,17.5901,18.0883,17.5326,17.8775,2134773,2134773,0.287423,1.634,17.8751,"Jun 15, 15",-0.1279438449981463
2015-06-16,17.7338,17.7338,17.5614,17.5997,2194798,2194798,-0.27784,-1.554,17.6255,"Jun 16, 15",-0.14149480010146145
2015-06-17,17.5614,17.9637,17.4847,17.9542,3502956,3502956,0.354485,2.014,17.7534,"Jun 17, 15",-0.12420245458625193
2015-06-18,18.2224,18.3757,17.9925,18.1362,2832411,2832411,0.182031,1.014,18.1576,"Jun 18, 15",-0.11532457903260426
2015-06-19,17.935,18.0979,17.3889,17.4368,4960997,4960997,-0.699388,-3.856,17.5946,"Jun 19, 15",-0.14944098651733612
2015-06-22,17.2835,17.5709,17.226,17.4751,2676122,2676122,0.038322,0.22,17.4205,"Jun 22, 15",-0.1475727302881894
2015-06-23,17.3314,17.5805,17.3123,17.3506,2158252,2158252,-0.124546,-0.713,17.3941,"Jun 23, 15",-0.1536457825213166
2015-06-24,17.2739,17.5614,17.1111,17.1877,3458992,3458992,-0.162874,-0.939,17.2683,"Jun 24, 15",-0.16159196893719147
2015-06-25,17.2548,17.2548,16.9386,17.0248,2319568,2319568,-0.162869,-0.948,17.0611,"Jun 25, 15",-0.1695381553530663
2015-06-26,16.9769,17.0057,16.8046,16.9769,2600703,2600703,-0.047904,-0.281,16.9159,"Jun 26, 15",-0.17187469512789988
2015-06-29,16.9578,17.0057,16.6608,16.7087,3401749,3401749,-0.268259,-1.58,16.7554,"Jun 29, 15",-0.18495736668552804
2015-06-30,16.6033,16.7757,16.4404,16.6129,3465606,3465606,-0.095805,-0.573,16.6081,"Jun 30, 15",-0.18963044623519537
2015-07-01,16.5458,16.565,16.2201,16.2392,2170102,2170102,-0.373648,-2.249,16.3802,"Jul 1, 15",-0.20785935884177864
2015-07-02,16.3542,16.7087,16.3019,16.6129,3095041,3095041,0.373648,2.301,16.5343,"Jul 2, 15",-0.18963044623519537
2015-07-06,16.4883,17.0248,16.3925,16.8045,3862265,3862265,0.19161,1.153,16.7573,"Jul 6, 15",-0.18028428713586067
2015-07-07,15.9422,16.0189,14.5434,14.8117,14691680,14691680,-1.9928,-11.859,15.0589,"Jul 7, 15",-0.2774921464947025
2015-07-08,14.9171,15.147,14.5147,14.7351,5450734,5450734,-0.076644,-0.517,14.7735,"Jul 8, 15",-0.28122865895299604
2015-07-09,14.8692,14.9458,14.4668,14.6393,3723260,3723260,-0.095807,-0.65,14.6249,"Jul 9, 15",-0.2859017385026633
2015-07-10,14.6584,14.6584,14.3039,14.486,3636106,3636106,-0.15329,-1.047,14.4616,"Jul 10, 15",-0.2933796413728512
2015-07-13,14.3614,14.6009,14.237,14.486,4113105,4113105,0,0,14.437,"Jul 13, 15",-0.2933796413728512
2015-07-14,14.4955,14.5626,14.2177,14.2177,3188080,3188080,-0.268259,-1.852,14.3802,"Jul 14, 15",-0.30646719088408025
2015-07-15,14.0836,14.1123,13.7483,13.7962,4197959,4197959,-0.421549,-2.965,13.878,"Jul 15, 15",-0.3270277653118963
2015-07-16,13.7291,13.7578,13.4321,13.5758,5590610,5590610,-0.220355,-1.597,13.5617,"Jul 16, 15",-0.33777877504829174
2015-07-17,13.4608,13.4704,12.9339,13.1159,6713712,6713712,-0.459874,-3.387,13.0868,"Jul 17, 15",-0.3602124836588554
2015-07-20,12.6082,12.9339,11.9662,12.0429,10453133,10453133,-1.073,-8.181,12.3846,"Jul 20, 15",-0.4125529257965698
2015-07-21,12.2345,12.5794,11.9949,12.2632,8836610,8836610,0.220356,1.83,12.2771,"Jul 21, 15",-0.40180679401377534
2015-07-22,12.0046,12.4836,11.8896,12.3399,6032223,6032223,0.076644,0.625,12.2692,"Jul 22, 15",-0.3980654036018809
2015-07-23,12.4836,12.5219,11.8225,11.8896,7531474,7531474,-0.450291,-3.649,12.0932,"Jul 23, 15",-0.4200308286667577
2015-07-24,11.7076,12.4549,11.5639,12.3782,9115948,9115948,0.488615,4.11,12.0229,"Jul 24, 15",-0.3961971473727342
2015-07-27,12.3303,12.5794,11.9854,12.11,9279320,9279320,-0.26826,-2.167,12.1699,"Jul 27, 15",-0.40927981893036236
2015-07-28,12.2441,12.6513,12.1483,12.5028,6390925,6390925,0.392807,3.244,12.4364,"Jul 28, 15",-0.39011921718600606
2015-07-29,12.474,12.8668,12.3495,12.6465,6726535,6726535,0.14371,1.149,12.6235,"Jul 29, 15",-0.3831095978615051
2015-07-30,12.5411,12.6561,12.2441,12.5602,5412682,5412682,-0.086225,-0.682,12.518,"Jul 30, 15",-0.38731927181908643
2015-07-31,12.8381,12.886,12.4836,12.5315,4066541,4066541,-0.028743,-0.229,12.6009,"Jul 31, 15",-0.3887192445025463
2015-08-03,12.4836,12.5411,12.11,12.1579,4155650,4155650,-0.373646,-2.982,12.2491,"Aug 3, 15",-0.40694327915552864
2015-08-04,12.3303,12.4549,12.1195,12.2058,4779674,4779674,0.047904,0.394,12.2581,"Aug 4, 15",-0.40460673938069497
2015-08-05,12.3207,12.4357,11.7219,11.7459,5800986,5800986,-0.459872,-3.768,11.9572,"Aug 5, 15",-0.4270404479912587
2015-08-06,11.813,12.3686,11.7555,12.11,6765383,6765383,0.364065,3.1,12.1309,"Aug 6, 15",-0.40927981893036236
2015-08-07,12.2537,12.6465,12.1291,12.1674,6287375,6287375,0.057487,0.475,12.3701,"Aug 7, 15",-0.4064798735634426
2015-08-10,12.3016,12.8381,12.0525,12.8189,6849314,6849314,0.651484,5.354,12.5803,"Aug 10, 15",-0.37470000585354435
2015-08-11,12.8477,12.8764,12.3782,12.6465,8933798,8933798,-0.172454,-1.345,12.6019,"Aug 11, 15",-0.3831095978615051
2015-08-12,12.9914,13.5566,12.9722,13.5471,8840425,8840425,0.900584,7.121,13.3827,"Aug 12, 15",-0.33917874773175155
2015-08-13,13.3171,13.4225,13.001,13.1542,5416642,5416642,-0.392809,-2.9,13.1675,"Aug 13, 15",-0.3583442274297087
2015-08-14,13.365,13.4417,12.8668,13.0201,4112281,4112281,-0.134128,-1.02,13.1034,"Aug 14, 15",-0.3648855632085228
2015-08-17,13.2788,13.48,13.1159,13.3554,4082841,4082841,0.335322,2.575,13.2845,"Aug 17, 15",-0.3485297847846871
2015-08-18,13.1063,13.2117,12.8381,13.0776,4300687,4300687,-0.277838,-2.08,13.0072,"Aug 18, 15",-0.36208073988800216
2015-08-19,13.1734,13.4704,13.0994,13.298,4759624,4759624,0.220354,1.685,13.2989,"Aug 19, 15",-0.3513297301516068
2015-08-20,13.662,13.6812,13.298,13.3075,5842229,5842229,0.009581,0.072,13.4328,"Aug 20, 15",-0.3508663245595208
2015-08-21,13.3938,13.48,12.9339,13.001,5900245,5900245,-0.30658,-2.304,13.1331,"Aug 21, 15",-0.3658172523462957
2015-08-24,12.6067,12.9337,11.7316,11.9143,10626369,10626369,-1.0866,-8.358,12.154,"Aug 24, 15",-0.418825974127334
2015-08-25,12.2701,12.2701,11.3999,11.4912,6890281,6890281,-0.423108,-3.551,11.62,"Aug 25, 15",-0.43946459581276465
2015-08-26,11.4047,11.4239,10.7893,11.0874,6794537,6794537,-0.403876,-3.515,11.0828,"Aug 26, 15",-0.4591617724532204
2015-08-27,11.0874,11.7701,10.9624,11.5393,7357039,7357039,0.451956,4.076,11.4099,"Aug 27, 15",-0.4371183001307291
2015-08-28,11.5297,12.1259,11.5201,11.9143,6547544,6547544,0.375028,3.25,11.8902,"Aug 28, 15",-0.418825974127334
2015-08-31,11.7028,11.7701,11.2028,11.7605,5242726,5242726,-0.153856,-1.291,11.5311,"Aug 31, 15",-0.4263282667655265
2015-09-01,11.8086,12.0105,11.3374,11.3758,4426170,4426170,-0.384644,-3.271,11.5767,"Sep 1, 15",-0.4450937542682094
2015-09-02,11.3566,11.4432,10.8085,11.2316,6202793,6202793,-0.144244,-1.268,11.0954,"Sep 2, 15",-0.45212776336071486
2015-09-03,11.0297,11.7749,11.0297,11.1354,4705097,4705097,-0.096161,-0.856,11.3409,"Sep 3, 15",-0.4568203547247858
2015-09-04,11.02,11.0681,10.7508,10.9624,4831071,4831071,-0.173088,-1.554,10.9027,"Sep 4, 15",-0.46525921445435203
2015-09-08,11.0874,11.4335,11.0008,11.2316,3998077,3998077,0.269249,2.456,11.2192,"Sep 8, 15",-0.45212776336071486
2015-09-09,11.1066,11.3614,10.8758,10.9624,4395070,4395070,-0.269249,-2.397,11.1078,"Sep 9, 15",-0.46525921445435203
2015-09-10,11.1258,11.4143,10.895,10.972,6294459,6294459,0.009617,0.088,11.1692,"Sep 10, 15",-0.4647909309086652
2015-09-11,10.8566,11.2316,10.6066,11.1739,6406809,6406809,0.201936,1.84,10.8792,"Sep 11, 15",-0.4549423425884373
2015-09-14,10.972,10.972,10.6055,10.7219,6711156,6711156,-0.451956,-4.045,10.7463,"Sep 14, 15",-0.47699069286452944
2015-09-15,10.8181,11.3278,10.8085,11.0681,5421787,5421787,0.346182,3.229,11.108,"Sep 15, 15",-0.46010321749819516
2015-09-16,11.3181,11.972,11.2701,11.8566,6437304,6437304,0.788517,7.124,11.765,"Sep 16, 15",-0.42164055335505646
2015-09-17,11.7509,12.2413,11.597,12.0297,6869512,6869512,0.173092,1.46,11.9133,"Sep 17, 15",-0.4131968156718893
2015-09-18,12.3375,12.3567,11.7172,11.924,9990528,9990528,-0.105779,-0.879,11.9538,"Sep 18, 15",-0.4183528126280463
2015-09-21,11.8374,11.9817,11.6932,11.7316,3818777,3818777,-0.192321,-1.613,11.834,"Sep 21, 15",-0.4277379953561881
2015-09-22,11.4624,11.5778,11.2605,11.3278,3803090,3803090,-0.403877,-3.443,11.3842,"Sep 22, 15",-0.44743517199664395
2015-09-23,11.4816,11.5297,11.0969,11.1258,2743606,2743606,-0.201936,-1.783,11.2579,"Sep 23, 15",-0.4572886382704727
2015-09-24,11.2893,12.0778,11.2508,12.049,6141546,6141546,0.923142,8.297,11.7883,"Sep 24, 15",-0.4122553706269146
2015-09-25,11.847,12.0874,11.7605,11.9528,4785183,4785183,-0.096159,-0.798,11.906,"Sep 25, 15",-0.4169479619909855
2015-09-28,11.6259,11.6355,11.3085,11.3181,5661462,5661462,-0.634663,-5.31,11.4686,"Sep 28, 15",-0.4479083334959318
2015-09-29,11.4335,11.7124,11.2893,11.3566,3841569,3841569,0.038464,0.34,11.4556,"Sep 29, 15",-0.4460303213595832
2015-09-30,11.2508,11.6451,11.1931,11.5489,4992476,4992476,0.192323,1.693,11.4738,"Sep 30, 15",-0.4366500165850422
2015-10-01,11.7028,11.799,11.02,11.0874,4990862,4990862,-0.461573,-3.997,11.2523,"Oct 1, 15",-0.4591617724532204
2015-10-02,11.4143,12.3134,11.3278,12.2798,7059619,7059619,1.1924,10.755,11.9911,"Oct 2, 15",-0.400997053716025
2015-10-05,12.424,13.2173,12.3375,13.0394,8174334,8174334,0.759671,6.186,12.9735,"Oct 5, 15",-0.363944118163548
2015-10-06,13.3183,14.0203,13.2606,13.8953,10523505,10523505,0.855832,6.563,13.7413,"Oct 6, 15",-0.3221937132933991
2015-10-07,13.9914,14.078,13.3481,13.876,8553601,8553601,-0.019231,-0.138,13.7066,"Oct 7, 15",-0.32313515833837386
2015-10-08,13.6068,14.1549,13.4347,13.6356,6751256,6751256,-0.240402,-1.732,13.7149,"Oct 8, 15",-0.3348617587949503
2015-10-09,14.0876,14.126,13.6356,13.9049,6000904,6000904,0.26925,1.975,13.8118,"Oct 9, 15",-0.32172542974771223
2015-10-12,14.1357,14.1357,13.2606,13.3664,4082911,4082911,-0.538502,-3.873,13.5413,"Oct 12, 15",-0.3479932098885875
2015-10-13,13.2894,13.4818,13.0298,13.1741,8658817,8658817,-0.192321,-1.439,13.2346,"Oct 13, 15",-0.35737351466312856
2015-10-14,13.4914,14.2222,13.4722,14.1741,6842762,6842762,1.0001,7.591,13.9625,"Oct 14, 15",-0.30859397865407506
2015-10-15,14.0299,14.3761,13.8376,14.2895,5597667,5597667,0.115393,0.814,14.1987,"Oct 15, 15",-0.30296482019863025
2015-10-16,14.1164,14.328,13.7318,13.751,5247358,5247358,-0.538503,-3.769,13.9376,"Oct 16, 15",-0.3292326003395056
2015-10-19,13.6837,13.7318,13.0683,13.126,5135063,5135063,-0.625043,-4.545,13.3042,"Oct 19, 15",-0.359719810345164
2015-10-20,13.2029,13.6356,13.1933,13.4818,4583525,4583525,0.355793,2.711,13.4985,"Oct 20, 15",-0.34236405143314275
2015-10-21,13.3471,13.376,12.8882,13.0394,4404716,4404716,-0.44234,-3.281,13.0274,"Oct 21, 15",-0.363944118163548
2015-10-22,13.0298,13.4529,12.9913,13.3279,3728931,3728931,0.288482,2.212,13.3177,"Oct 22, 15",-0.3498712220249361
2015-10-23,13.4145,13.9097,13.3375,13.8279,5306163,5306163,0.500037,3.752,13.6622,"Oct 23, 15",-0.32548145402040934
2015-10-26,13.9145,13.9914,13.6549,13.7222,4234620,4234620,-0.105776,-0.765,13.8019,"Oct 26, 15",-0.3306374509765662
2015-10-27,13.6452,14.0635,13.5587,13.9145,3559736,3559736,0.192322,1.402,13.8808,"Oct 27, 15",-0.3212571462020253
2015-10-28,14.1934,14.7799,13.7558,14.0491,6756681,6756681,0.134624,0.968,14.3053,"Oct 28, 15",-0.3146914206552067
2015-10-29,13.8183,13.9722,13.0683,13.2221,6313002,6313002,-0.826983,-5.886,13.4719,"Oct 29, 15",-0.35503209693469395
2015-10-30,13.2221,13.4337,13.0683,13.0683,4854379,4854379,-0.153858,-1.164,13.2091,"Oct 30, 15",-0.3625343895728863
2015-11-02,12.9913,13.3856,12.7125,13.2029,4458034,4458034,0.134625,1.03,13.0748,"Nov 2, 15",-0.35596866402606775
2015-11-03,13.0298,13.2606,12.8663,13.1356,4430772,4430772,-0.067312,-0.51,13.0592,"Nov 3, 15",-0.35925152679947703
2015-11-04,13.3856,13.9433,12.9817,13.1164,6973025,6973025,-0.019232,-0.146,13.4137,"Nov 4, 15",-0.3601880938908509
2015-11-05,13.2414,13.251,12.1836,12.4721,10095508,10095508,-0.644279,-4.912,12.5237,"Nov 5, 15",-0.39161674894148407
2015-11-06,12.1067,12.2413,11.8374,12.049,6146251,6146251,-0.42311,-3.392,12.0391,"Nov 6, 15",-0.4122553706269146
2015-11-09,12.0682,12.2605,11.799,12.2221,4884308,4884308,0.173092,1.437,12.0327,"Nov 9, 15",-0.40381163294374744
2015-11-10,12.0009,12.2317,11.924,11.9913,4705188,4705188,-0.230788,-1.888,12.0737,"Nov 10, 15",-0.4150699498546369
2015-11-11,12.0201,12.049,11.6739,11.8759,3650037,3650037,-0.115393,-0.962,11.8372,"Nov 11, 15",-0.4206991083100817
2015-11-12,11.8374,12.2028,11.6989,11.8855,4077086,4077086,0.009616,0.081,11.9458,"Nov 12, 15",-0.4202308247643948
2015-11-13,11.8566,12.0105,11.7413,11.924,2996804,2996804,0.038465,0.324,11.8923,"Nov 13, 15",-0.4183528126280463
2015-11-16,12.0109,12.2629,11.9578,12.0977,2972820,2972820,0.173788,1.457,12.079,"Nov 16, 15",-0.40987980722327366
2015-11-17,12.0302,12.0495,11.4991,11.6633,3914177,3914177,-0.434478,-3.591,11.701,"Nov 17, 15",-0.4310696376656065
2015-11-18,11.7309,12.3005,11.7067,12.2426,4332845,4332845,0.579304,4.967,11.9753,"Nov 18, 15",-0.40281165245556183
2015-11-19,12.3971,12.5902,12.2474,12.4743,3698387,3698387,0.231719,1.893,12.4591,"Nov 19, 15",-0.3915094339622642
2015-11-20,12.5515,12.6481,12.0205,12.1171,3411549,3411549,-0.357234,-2.864,12.1938,"Nov 20, 15",-0.408933484224698
2015-11-23,12.0398,12.2619,11.924,12.0109,2288384,2288384,-0.106206,-0.876,12.0799,"Nov 23, 15",-0.41411387094885954
2015-11-24,12.1943,12.426,12.0495,12.2619,3618703,3618703,0.251029,2.09,12.2747,"Nov 24, 15",-0.40187020741058704
2015-11-25,12.0977,12.5226,12.0398,12.2522,3010348,3010348,-0.009653,-0.079,12.2813,"Nov 25, 15",-0.4023433689098749
2015-11-27,12.0302,12.3295,12.0302,12.1557,1599983,1599983,-0.096551,-0.788,12.1781,"Nov 27, 15",-0.4070505941347486
2015-11-30,12.2329,12.6964,12.2329,12.6674,4571550,4571550,0.511716,4.21,12.5605,"Nov 30, 15",-0.38209010555891587
2015-12-01,12.7446,13.1115,12.6577,13.0536,3686871,3686871,0.386202,3.049,12.9095,"Dec 1, 15",-0.3632514487522195
2015-12-02,12.8122,13.0488,12.6201,12.9088,3391262,3391262,-0.144827,-1.109,12.8648,"Dec 2, 15",-0.37031472556633044
2015-12-03,13.0343,13.237,12.8991,12.9764,3357949,3357949,0.067588,0.524,13.0581,"Dec 3, 15",-0.36701722893211836
2015-12-04,13.1212,13.5991,13.1212,13.4977,5147602,5147602,0.521369,4.018,13.3947,"Dec 4, 15",-0.3415884568105988
2015-12-07,13.237,13.3239,12.6964,12.8122,3607333,3607333,-0.685505,-5.079,12.9625,"Dec 7, 15",-0.3750268287448049
2015-12-08,12.7543,12.8702,12.5419,12.6964,2723127,2723127,-0.115861,-0.904,12.6866,"Dec 8, 15",-0.3806754990146533
2015-12-09,13.0246,13.2467,12.6384,12.7736,3163139,3163139,0.07724,0.608,12.905,"Dec 9, 15",-0.37690971883475444
2015-12-10,12.6674,12.8798,12.6191,12.6674,2210848,2210848,-0.106206,-0.831,12.7595,"Dec 10, 15",-0.38209010555891587
2015-12-11,12.4743,13.015,12.4164,12.8508,2810742,2810742,0.183447,1.448,12.8112,"Dec 11, 15",-0.3731439386548555
2015-12-14,12.7929,12.8605,12.0688,12.1943,4172971,4172971,-0.656542,-5.109,12.2831,"Dec 14, 15",-0.40516770404479907
2015-12-15,12.2812,12.3584,12.0109,12.1171,2770375,2770375,-0.07724,-0.633,12.1243,"Dec 15, 15",-0.408933484224698
2015-12-16,12.3777,12.5033,11.9915,12.4164,4999856,4999856,0.299303,2.47,12.3126,"Dec 16, 15",-0.39433376909718837
2015-12-17,11.9819,12.0012,11.5184,11.5281,4617743,4617743,-0.88826,-7.154,11.6903,"Dec 17, 15",-0.4376646309340305
2015-12-18,11.6922,12.1073,11.6247,11.9336,5702923,5702923,0.405509,3.518,11.9372,"Dec 18, 15",-0.41788452908235935
2015-12-21,12.1364,12.2233,11.924,12.0205,3182458,3182458,0.086896,0.728,12.0905,"Dec 21, 15",-0.4136455874031726
2015-12-22,11.9915,12.2426,11.9626,12.0881,2577289,2577289,0.067586,0.562,12.0945,"Dec 22, 15",-0.41034809076896056
2015-12-23,12.146,12.4453,12.1267,12.3102,2716778,2716778,0.222065,1.837,12.315,"Dec 23, 15",-0.3995141558213498
2015-12-24,12.4164,12.6191,12.4067,12.4743,1473563,1473563,0.164135,1.333,12.5133,"Dec 24, 15",-0.3915094339622642
2015-12-28,12.3102,12.3102,11.9046,12.0205,2554412,2554412,-0.453786,-3.638,12.0276,"Dec 28, 15",-0.4136455874031726
2015-12-29,12.1653,12.1653,11.924,12.0398,2638377,2638377,0.019311,0.161,12.0378,"Dec 29, 15",-0.41270414235819786
2015-12-30,11.8081,11.9529,11.7695,11.8757,1834660,1834660,-0.164135,-1.363,11.8737,"Dec 30, 15",-0.42070886421728354
2015-12-31,11.8371,12.006,11.7791,11.9915,2350822,2350822,0.115859,0.976,11.8951,"Dec 31, 15",-0.41506019394743515
2016-01-04,12.2715,12.3681,11.8178,12.0495,4166570,4166570,0.057929,0.483,12.1181,"Jan 4, 16",-0.41223098085891
2016-01-05,12.1267,12.1267,11.6343,11.7984,2569551,2569551,-0.251028,-2.083,11.808,"Jan 5, 16",-0.42447952235078334
2016-01-06,11.8371,11.9433,11.7212,11.8178,2340967,2340967,0.019309,0.164,11.8498,"Jan 6, 16",-0.42353319935220773
2016-01-07,11.9336,12.6481,11.8757,12.5515,5560766,5560766,0.733782,6.209,12.3348,"Jan 7, 16",-0.38774365378236514
2016-01-08,12.3391,12.6384,12.1653,12.3295,5297712,5297712,-0.222065,-1.769,12.4141,"Jan 8, 16",-0.39857271077637507
2016-01-11,12.4067,12.4453,11.2191,11.3736,7202832,7202832,-0.955848,-7.753,11.5464,"Jan 11, 16",-0.4452010692474293
2016-01-12,11.2481,11.2771,10.5047,10.804,7619912,7619912,-0.569647,-5.008,10.7585,"Jan 12, 16",-0.47298589295818616
2016-01-13,10.8523,11.1033,10.6398,10.8233,5990565,5990565,0.01931,0.179,10.838,"Jan 13, 16",-0.47204444791321143
2016-01-14,10.6495,10.9461,10.466,10.7074,3985075,3985075,-0.115861,-1.07,10.635,"Jan 14, 16",-0.47769799613666075
2016-01-15,11.0164,11.0164,10.5723,10.7654,4214606,4214606,0.057932,0.541,10.7324,"Jan 15, 16",-0.4748687830481356
2016-01-19,10.8619,10.8619,10.0992,10.1378,5937590,5937590,-0.627579,-5.83,10.3394,"Jan 19, 16",-0.5054828198474176
2016-01-20,10.0605,10.2488,9.6936,10.1571,5965010,5965010,0.019311,0.19,9.9576,"Jan 20, 16",-0.5045413748024429
2016-01-21,10.0219,10.2585,9.7612,10.1764,3557379,3557379,0.019312,0.19,10.0087,"Jan 21, 16",-0.5035999297574681
2016-01-22,10.0702,10.4854,9.9543,10.215,3741170,3741170,0.038618,0.379,10.1993,"Jan 22, 16",-0.5017170396675187
2016-01-25,10.3792,10.528,10.1378,10.244,3361902,3361902,0.028965,0.284,10.3049,"Jan 25, 16",-0.5003024331232562
2016-01-26,10.4467,10.8812,10.3695,10.8233,3903232,3903232,0.579302,5.655,10.718,"Jan 26, 16",-0.47204444791321143
2016-01-27,10.7171,10.9681,10.5529,10.8619,3798947,3798947,0.03862,0.357,10.7978,"Jan 27, 16",-0.47016155782326197
2016-01-28,10.7074,10.9054,10.3985,10.7074,3845361,3845361,-0.154481,-1.422,10.666,"Jan 28, 16",-0.47769799613666075
2016-01-29,10.6978,11.4267,10.6205,11.3543,4467223,4467223,0.646889,6.041,11.1477,"Jan 29, 16",-0.44614251429240404
2016-02-01,11.4605,11.7212,11.3736,11.644,4119628,4119628,0.289648,2.551,11.5556,"Feb 1, 16",-0.43201108271058125
2016-02-02,11.5571,11.6826,11.2288,11.3736,2653189,2653189,-0.270339,-2.322,11.3831,"Feb 2, 16",-0.4452010692474293
2016-02-03,11.5474,12.4164,11.4895,12.3681,5775142,5775142,0.994467,8.744,12.1308,"Feb 3, 16",-0.3966898206864256
2016-02-04,12.7929,13.2467,12.7446,12.9474,6792090,6792090,0.579303,4.684,13.0225,"Feb 4, 16",-0.3684318354763809
2016-02-05,12.6771,13.6812,12.5322,13.6329,7015934,7015934,0.685506,5.295,13.3073,"Feb 5, 16",-0.3349934635421748
2016-02-08,14.135,14.5212,14.0963,14.1832,9067318,9067318,0.550337,4.037,14.3147,"Feb 8, 16",-0.30815008487639267
2016-02-09,14.357,14.3667,13.3915,13.6715,7504066,7504066,-0.511717,-3.608,13.8263,"Feb 9, 16",-0.3331105734522253
2016-02-10,13.517,13.7681,13.0343,13.6426,6035993,6035993,-0.028964,-0.212,13.4436,"Feb 10, 16",-0.33452030204288696
2016-02-11,14.4536,14.7239,13.9805,14.3281,9484731,9484731,0.685508,5.025,14.3917,"Feb 11, 16",-0.30108193010868084
2016-02-12,14.1543,14.8301,13.8646,14.7143,6348591,6348591,0.386201,2.695,14.567,"Feb 12, 16",-0.28224327330198434
2016-02-16,14.1736,14.637,13.9998,14.2122,5989349,5989349,-0.502063,-3.412,14.2969,"Feb 16, 16",-0.3067354783321301
2016-02-17,14.386,14.7625,14.2267,14.5308,5340347,5340347,0.318616,2.242,14.4839,"Feb 17, 16",-0.2911943181596457
2016-02-18,14.4246,15.448,14.3763,15.2646,7392050,7392050,0.733782,5.05,15.1113,"Feb 18, 16",-0.2553998946362022
2016-02-19,15.2067,15.6508,14.9846,15.0136,4992828,4992828,-0.251031,-1.645,15.2125,"Feb 19, 16",-0.2676435581744746
2016-02-22,14.7336,15.2839,14.5791,15.0715,4576359,4576359,0.057932,0.386,15.0633,"Feb 22, 16",-0.2648192230395504
2016-02-23,15.2839,15.506,14.9749,15.1777,3930973,3930973,0.106204,0.705,15.179,"Feb 23, 16",-0.2596388363153889
2016-02-24,15.5832,15.757,15.0812,15.2646,5900030,5900030,0.086895,0.573,15.4469,"Feb 24, 16",-0.2553998946362022
2016-02-25,15.1198,15.4191,14.9074,15.3225,3669064,3669064,0.05793,0.38,15.1551,"Feb 25, 16",-0.252575559501278
2016-02-26,15.0039,15.3901,14.7239,14.8784,6035934,6035934,-0.444131,-2.899,14.9546,"Feb 26, 16",-0.27423855144289866
2016-02-29,14.9653,15.3129,14.9374,15.1874,3688288,3688288,0.308962,2.077,15.1612,"Feb 29, 16",-0.2591656748161011
2016-03-01,15.3708,15.3708,14.4642,14.6467,5119804,5119804,-0.540682,-3.56,14.7075,"Mar 1, 16",-0.28554076993619637
2016-03-02,14.7432,15.0425,14.5501,14.9556,3371427,3371427,0.308961,2.109,14.863,"Mar 2, 16",-0.2704727712629997
2016-03-03,14.9749,15.728,14.9556,15.5543,5478994,5478994,0.598612,4.003,15.5023,"Mar 3, 16",-0.2412684630543794
2016-03-04,15.7087,17.1184,15.6605,15.9018,11503078,11503078,0.347579,2.235,16.3993,"Mar 4, 16",-0.2243175742912333
2016-03-07,16.0756,16.7708,16.0756,16.346,6106439,6106439,0.444132,2.793,16.4457,"Mar 7, 16",-0.20264970439601174
2016-03-08,16.568,16.653,15.6991,15.8536,5471591,5471591,-0.492406,-3.012,15.9684,"Mar 8, 16",-0.22666874792686967
2016-03-09,15.4674,16.0563,15.3129,15.9115,4446024,4446024,0.057929,0.365,15.7667,"Mar 9, 16",-0.22384441279194547
2016-03-10,16.1046,16.7515,16.037,16.597,5853911,5853911,0.685507,4.308,16.4378,"Mar 10, 16",-0.19040604085773927
2016-03-11,16.7225,16.8732,16.3328,16.4232,3893461,3893461,-0.17379,-1.047,16.5563,"Mar 11, 16",-0.19888392421611276
2016-03-14,16.6356,16.7997,16.1336,16.2108,4480929,4480929,-0.212411,-1.293,16.3119,"Mar 14, 16",-0.20924469766443582
2016-03-15,16.0949,16.3363,15.7956,16.288,3317974,3317974,0.07724,0.476,16.0925,"Mar 15, 16",-0.20547891748453684
2016-03-16,16.1625,17.2632,15.8632,17.1859,6177785,6177785,0.897917,5.513,16.6558,"Mar 16, 16",-0.1616797721020077
2016-03-17,17.4659,17.8618,16.8963,17.1087,8059760,8059760,-0.077239,-0.449,17.4615,"Mar 17, 16",-0.16544555228190672
2016-03-18,17.2922,17.7653,17.0797,17.1666,5289205,5289205,0.057929,0.339,17.3079,"Mar 18, 16",-0.16262121714698252
2016-03-21,17.0797,17.4177,16.8673,17.1956,3883598,3883598,0.028966,0.169,17.1632,"Mar 21, 16",-0.16120661060271996
2016-03-22,17.3984,17.6639,16.9929,17.2728,4883634,4883634,0.07724,0.449,17.2727,"Mar 22, 16",-0.15744083042282098
2016-03-23,16.7901,17.157,16.2687,16.5391,6915263,6915263,-0.733782,-4.248,16.6623,"Mar 23, 16",-0.19323037599266346
2016-03-24,16.6163,16.9446,16.4425,16.6356,4030002,4030002,0.096553,0.584,16.6903,"Mar 24, 16",-0.18852315076778986
2016-03-28,16.7611,16.7901,16.3363,16.6357,2896711,2896711,0.000132,0.001,16.5231,"Mar 28, 16",-0.18851827281418895
2016-03-29,16.6745,17.3233,16.4421,17.2167,4232706,4232706,0.580994,3.492,16.909,"Mar 29, 16",-0.1601773623929289
2016-03-30,17.1683,17.4007,16.8595,17.0812,3531609,3531609,-0.135567,-0.787,17.1002,"Mar 30, 16",-0.16678698952215568
2016-03-31,16.568,16.7132,15.987,16.0548,21175768,21175768,-1.0264,-6.009,16.2338,"Mar 31, 16",-0.21685430528184813
2016-04-01,15.6771,15.9579,15.3479,15.8901,8493862,8493862,-0.164614,-1.025,15.6562,"Apr 1, 16",-0.22488829486253922
2016-04-04,15.9579,15.9579,15.2026,15.2414,6009331,6009331,-0.648776,-4.083,15.4468,"Apr 4, 16",-0.2565315798716122
2016-04-05,15.4931,15.8127,15.2995,15.6965,5588660,5588660,0.455113,2.986,15.6002,"Apr 5, 16",-0.23433201303389198
2016-04-06,15.5125,15.8611,15.4059,15.7933,4936385,4936385,0.096831,0.617,15.6308,"Apr 6, 16",-0.2296101539482156
2016-04-07,16.0257,16.0838,15.7255,15.8417,7116727,7116727,0.048415,0.307,15.9023,"Apr 7, 16",-0.22724922440537745
2016-04-08,15.9773,16.171,15.9192,15.9773,7514274,7514274,0.135566,0.856,16.0434,"Apr 8, 16",-0.2206347193225498
2016-04-11,16.3356,16.8585,16.2968,16.6842,9184525,9184525,0.706874,4.424,16.6554,"Apr 11, 16",-0.18615246531774984
2016-04-12,16.8972,17.3765,16.7229,17.2361,10703985,10703985,0.551942,3.308,17.0968,"Apr 12, 16",-0.15923103939435324
2016-04-13,17.1393,17.3804,16.9117,16.9456,5694764,5694764,-0.290496,-1.685,17.1092,"Apr 13, 16",-0.17340149460498333
2016-04-14,16.9166,16.965,16.0015,16.2678,8506210,8506210,-0.677824,-4,16.3613,"Apr 14, 16",-0.20646426411191968
2016-04-15,16.3065,16.5873,16.1129,16.5099,6530231,6530231,0.242081,1.488,16.4218,"Apr 15, 16",-0.19465473844412798
2016-04-18,16.4808,16.555,16.1903,16.3937,5139724,5139724,-0.116199,-0.704,16.3599,"Apr 18, 16",-0.20032292052837994
2016-04-19,17.2167,18.0108,17.2071,17.9042,12284936,12284936,1.5106,9.214,17.7085,"Apr 19, 16",-0.12664143138670464
2016-04-20,18.2625,18.9343,18.0689,18.4465,13979091,13979091,0.54226,3.029,18.5536,"Apr 20, 16",-0.10018828900899489
2016-04-21,18.9113,19.1727,18.2674,18.4659,9865827,9865827,0.019366,0.105,18.6678,"Apr 21, 16",-0.09924196601041921
2016-04-22,18.524,18.8145,17.6719,17.8074,6858506,6858506,-0.658458,-3.566,18.0835,"Apr 22, 16",-0.13136329047238093
2016-04-25,17.8655,17.9672,17.5944,17.7493,5156453,5156453,-0.0581,-0.326,17.7862,"Apr 25, 16",-0.1341973815145069
2016-04-26,17.9623,18.1366,17.7655,18.1076,4896018,4896018,0.35828,2.019,17.9837,"Apr 26, 16",-0.11671967376246306
2016-04-27,18.2916,18.3545,17.7493,18.2432,4836232,4836232,0.135565,0.749,18.1706,"Apr 27, 16",-0.11010516867963539
2016-04-28,18.4465,19.3567,18.3206,19.2405,8644450,8644450,0.99737,5.467,19.0162,"Apr 28, 16",-0.0614573374178064
2016-04-29,19.6085,20.3347,19.5407,20.2863,12283052,12283052,1.0458,5.435,20.0675,"Apr 29, 16",-0.010443698659538272
2016-05-02,20.4122,20.4703,19.3422,19.5988,9590101,9590101,-0.687508,-3.389,19.8562,"May 2, 16",-0.04397962966576254
2016-05-03,19.5794,19.8118,18.6595,18.8629,8536138,8536138,-0.735923,-3.755,19.0084,"May 3, 16",-0.07987649021482504
2016-05-04,18.5918,19.1243,17.9817,18.2044,7967468,7967468,-0.658458,-3.491,18.3486,"May 4, 16",-0.11199781467678677
2016-05-05,18.553,18.6789,18.0108,18.3787,5833762,5833762,0.174298,0.957,18.3307,"May 5, 16",-0.10349554155040881
2016-05-06,18.737,19.1243,18.6305,18.8823,5709777,5709777,0.503528,2.74,18.9072,"May 6, 16",-0.07893016721624936
2016-05-09,18.2528,18.3206,17.4491,17.6234,6872493,6872493,-1.2588,-6.667,17.705,"May 9, 16",-0.14033872509804682
2016-05-10,17.6622,17.9332,17.362,17.8268,4927925,4927925,0.203346,1.154,17.6976,"May 10, 16",-0.1304169674738054
2016-05-11,18.2625,18.7031,17.8849,18.6692,7747687,7747687,0.842439,4.726,18.3884,"May 11, 16",-0.08932508633977869
2016-05-12,18.921,18.9984,18.1657,18.3206,4580485,4580485,-0.348595,-1.867,18.5213,"May 12, 16",-0.10632963259253479
2016-05-13,18.3303,18.9016,18.2238,18.6014,4920001,4920001,0.280812,1.533,18.6286,"May 13, 16",-0.09263233888119243
2016-05-16,19.0081,19.2793,18.6886,18.8629,4674692,4674692,0.261451,1.406,18.9356,"May 16, 16",-0.07987649021482504
2016-05-17,18.9794,19.8531,18.7367,19.6007,6023718,6023718,0.737818,3.911,19.4978,"May 17, 16",-0.043886948547345386
2016-05-18,19.0571,19.4551,18.0765,18.1348,7140530,7140530,-1.4659,-7.479,18.6855,"May 18, 16",-0.11539287038301695
2016-05-19,17.6494,18.6784,17.5523,18.5231,7287444,7287444,0.388326,2.141,18.2489,"May 19, 16",-0.09645177655070143
2016-05-20,18.6881,18.8045,18.1057,18.5716,4685961,4685961,0.04854,0.262,18.4551,"May 20, 16",-0.09408596905426231
2016-05-23,18.1639,18.8143,18.0765,18.494,4315008,4315008,-0.077666,-0.418,18.5931,"May 23, 16",-0.09787126104856488
2016-05-24,18.2901,18.4066,17.795,17.8144,5448563,5448563,-0.679568,-3.675,17.9812,"May 24, 16",-0.13102183372031764
2016-05-25,17.7173,18.2901,17.3484,18.2319,5965145,5965145,0.417451,2.343,17.9528,"May 25, 16",-0.1106563774365378
2016-05-26,18.6687,18.8435,18.0765,18.2901,3863875,3863875,0.058248,0.319,18.3464,"May 26, 16",-0.10781740844081092
2016-05-27,18.0862,18.2027,17.5523,17.6688,4635037,4635037,-0.621319,-3.397,17.7904,"May 27, 16",-0.13812413416323574
2016-05-31,17.6008,18.3581,17.5329,18.0765,4838402,4838402,0.407741,2.308,18.0954,"May 31, 16",-0.11823671733234473
2016-06-01,18.0765,18.2513,17.7173,18.028,3611133,3611133,-0.048541,-0.269,17.9473,"Jun 1, 16",-0.12060252482878385
2016-06-02,18.1154,18.3484,17.7659,18.1833,3365080,3365080,0.155328,0.862,18.1221,"Jun 2, 16",-0.11302706288657782
2016-06-03,19.1347,19.8336,19.0959,19.7949,7880769,7880769,1.6115,8.863,19.5285,"Jun 3, 16",-0.034413962654387266
2016-06-06,19.8531,20.1541,19.494,20.0764,5902903,5902903,0.281538,1.422,19.8773,"Jun 6, 16",-0.020682523267838652
2016-06-07,19.7366,20.3531,19.6978,20.1929,3738103,3738103,0.116496,0.58,20.1222,"Jun 7, 16",-0.014999707322783822
2016-06-08,21.1443,21.5414,20.4356,20.4841,8091496,8091496,0.291244,1.442,20.8951,"Jun 8, 16",-0.0007951064369474517
2016-06-09,20.5327,20.955,20.4259,20.6686,5457925,5457925,0.184455,0.9,20.7213,"Jun 9, 16",0.008204717956722911
2016-06-10,20.8919,21.2123,20.4259,20.5909,6667522,6667522,-0.077665,-0.376,20.78,"Jun 10, 16",0.004414548008819449
2016-06-13,21.0763,21.1734,20.2997,20.5327,5240144,5240144,-0.058249,-0.283,20.7225,"Jun 13, 16",0.001575579013092395
2016-06-14,20.5327,20.6589,19.3289,19.7269,7220519,7220519,-0.805776,-3.924,19.7586,"Jun 14, 16",-0.037730971103002796
2016-06-15,19.7463,20.6686,19.6784,20.4259,5838012,5838012,0.698987,3.543,20.2311,"Jun 15, 16",-0.0036340754326745065
2016-06-16,20.9793,21.0084,20.0376,20.1735,7956986,7956986,-0.252412,-1.236,20.5974,"Jun 16, 16",-0.015946030321359505
2016-06-17,20.5133,20.8822,20.023,20.3094,7719453,7719453,0.135914,0.674,20.3975,"Jun 17, 16",-0.009316891377729165
2016-06-20,19.7949,20.6104,19.7755,20.5715,6104416,6104416,0.26212,1.291,20.3188,"Jun 20, 16",0.0034682250102437647
2016-06-21,20.2414,20.4259,20.0183,20.2123,4497223,4497223,-0.359203,-1.746,20.2463,"Jun 21, 16",-0.01405338432420831
2016-06-22,20.2512,20.3579,19.9502,20.2414,4582679,4582679,0.029128,0.144,20.1828,"Jun 22, 16",-0.01263389982634487
2016-06-23,20.1638,20.4162,20.057,20.222,3789332,3789332,-0.019417,-0.096,20.2772,"Jun 23, 16",-0.013580222824920381
2016-06-24,21.1152,21.2123,20.2803,20.6686,8117277,8117277,0.446573,2.208,20.6668,"Jun 24, 16",0.008204717956722911
2016-06-27,20.8822,21.3676,20.7171,21.3676,9065113,9065113,0.698986,3.382,21.0037,"Jun 27, 16",0.042301613627051204
2016-06-28,21.0084,21.7656,20.9113,21.2511,6772422,6772422,-0.116498,-0.545,21.3649,"Jun 28, 16",0.036618797681996544
2016-06-29,21.7947,22.5034,21.6394,22.1539,8979482,8979482,0.902855,4.249,22.1447,"Jun 29, 16",0.08065696279096998
2016-06-30,22.5326,22.9888,22.1054,22.8432,5633851,5633851,0.689278,3.111,22.5671,"Jun 30, 16",0.11428069696201053
2016-07-01,23.3383,24.2218,23.3383,24.0567,8339249,8339249,1.2135,5.312,23.9383,"Jul 1, 16",0.1734746639089969
2016-07-05,24.4159,24.4936,23.4645,23.9305,10813425,10813425,-0.126207,-0.525,23.9636,"Jul 5, 16",0.16731868646465434
2016-07-06,24.1538,24.8722,23.9111,24.8625,9170432,9170432,0.931982,3.895,24.4761,"Jul 6, 16",0.21278121402509229
2016-07-07,24.4742,24.5421,23.717,24.1732,8698696,8698696,-0.689277,-2.772,24.1018,"Jul 7, 16",0.17915747985405175
2016-07-08,24.1344,25.1392,24.0567,25.0373,7154615,7154615,0.864023,3.574,24.6681,"Jul 8, 16",0.2213078769194747
2016-07-11,24.8431,25.6392,24.814,25.61,7579045,7579045,0.572779,2.288,25.3523,"Jul 11, 16",0.2492439171918597
2016-07-12,25.5809,25.6197,24.5616,24.6684,7735154,7735154,-0.941688,-3.677,24.9598,"Jul 12, 16",0.20331310608573488
2016-07-13,25.0567,25.5897,24.9499,25.4159,4643296,4643296,0.747526,3.03,25.3185,"Jul 13, 16",0.23977580925250247
2016-07-14,24.6975,25.61,24.4839,25.4935,5335764,5335764,0.077665,0.306,25.139,"Jul 14, 16",0.24356110124680505
2016-07-15,25.1246,25.5615,25.047,25.2605,3460731,3460731,-0.232994,-0.914,25.2997,"Jul 15, 16",0.23219546935669555
2016-07-18,25.0858,25.6683,25.0761,25.6197,4368278,4368278,0.359199,1.422,25.4705,"Jul 18, 16",0.24971707869114762
2016-07-19,25.5032,25.7848,25.3673,25.6003,3783745,3783745,-0.019416,-0.076,25.5899,"Jul 19, 16",0.24877075569257195
2016-07-20,24.9596,25.144,24.5043,24.7169,7259788,7259788,-0.88344,-3.451,24.7727,"Jul 20, 16",0.20567891358217402
2016-07-21,24.7557,25.411,24.6101,25.3673,5062109,5062109,0.650444,2.632,25.1923,"Jul 21, 16",0.23740512380246245
2016-07-22,25.1635,25.4159,25.0664,25.3868,3389918,3389918,0.019418,0.077,25.2739,"Jul 22, 16",0.23835632475463903
2016-07-25,25.0761,25.0858,24.0859,24.7169,5437338,5437338,-0.669862,-2.639,24.5226,"Jul 25, 16",0.20567891358217402
2016-07-26,24.9013,25.2314,24.5519,25.0567,4541486,4541486,0.339786,1.375,24.9609,"Jul 26, 16",0.2222541999180504
2016-07-27,25.3091,26.2799,24.814,26.1537,8197195,8197195,1.097,4.378,25.5757,"Jul 27, 16",0.2757653509199821
2016-07-28,26.2993,26.5323,25.7508,26.309,5423757,5423757,0.15533,0.594,26.2076,"Jul 28, 16",0.28334081286218815
2016-07-29,26.6294,27.2604,26.377,27.0566,6004250,6004250,0.747528,2.841,26.9518,"Jul 29, 16",0.31980839398255645
2016-08-01,27.1925,27.8526,27.0663,27.7555,6102272,6102272,0.698983,2.583,27.6016,"Aug 1, 16",0.35390041169928405
2016-08-02,28.0177,28.7263,27.9788,28.3769,6628019,6628019,0.62132,2.239,28.4547,"Aug 2, 16",0.38421201537530975
2016-08-03,28.3574,28.3963,27.775,28.1924,6172302,6172302,-0.184454,-0.65,28.0862,"Aug 3, 16",0.3752121909816394
2016-08-04,28.2312,28.4448,28.1342,28.3089,4373055,4373055,0.116498,0.413,28.3229,"Aug 4, 16",0.38089500692669426
2016-08-05,27.639,28.0605,27.5332,27.9691,5815922,5815922,-0.339785,-1.2,27.8325,"Aug 5, 16",0.36431972059081785
2016-08-08,27.9594,28.6001,27.9303,28.3671,4422612,4422612,0.398032,1.423,28.373,"Aug 8, 16",0.38373397592242114
2016-08-09,28.4836,28.9593,28.4545,28.8817,3370602,3370602,0.514532,1.814,28.7613,"Aug 9, 16",0.40883592515267997
2016-08-10,29.6292,29.9496,29.105,29.2894,6674354,6674354,0.407742,1.412,29.4525,"Aug 10, 16",0.42872334198357115
2016-08-11,29.3185,30.435,29.1438,29.6777,7036682,7036682,0.388324,1.326,29.9068,"Aug 11, 16",0.44766443581588666
2016-08-12,30.1631,30.2214,29.3963,29.5807,4905574,4905574,-0.097081,-0.327,29.7821,"Aug 12, 16",0.4429328208230084
2016-08-15,29.6098,30.0758,29.5127,29.8525,5749745,5749745,0.271828,0.919,29.8273,"Aug 15, 16",0.4561910987102691
2016-08-16,29.9981,30.1777,29.7075,29.9787,4196126,4196126,0.126205,0.423,29.9841,"Aug 16, 16",0.4623470761546117
2016-08-17,29.6777,29.6875,28.6196,29.435,6636826,6636826,-0.543656,-1.813,29.1021,"Aug 17, 16",0.43582564242648925
2016-08-18,29.6195,29.8234,29.2263,29.6972,4033702,4033702,0.262121,0.891,29.5521,"Aug 18, 16",0.44861563676806304
2016-08-19,29.0758,29.2991,28.3477,28.4061,6186747,6186747,-1.2911,-4.348,28.6153,"Aug 19, 16",0.3856363778267741
2016-08-22,27.8615,28.1629,27.4141,28.0657,7577261,7577261,-0.340368,-1.198,27.7829,"Aug 22, 16",0.36903182376929233
2016-08-23,28.3574,28.4322,27.6573,27.7059,4082246,4082246,-0.359816,-1.282,27.9524,"Aug 23, 16",0.35148094671323493
2016-08-24,27.2391,27.2391,25.4011,25.4692,10786510,10786510,-2.2367,-8.073,26.0964,"Aug 24, 16",0.24237575852178503
2016-08-25,25.3233,26.393,24.9354,25.9652,7848002,7848002,0.495963,1.947,25.8771,"Aug 25, 16",0.26657040838227547
2016-08-26,26.3541,27.0349,25.4595,25.829,9518387,9518387,-0.136146,-0.524,26.1825,"Aug 26, 16",0.25992663557784246
2016-08-29,25.5275,26.3639,25.4497,26.0818,4644946,4644946,0.252844,0.979,26.0717,"Aug 29, 16",0.2722581022809312
2016-08-30,25.9068,26.0721,24.588,24.8954,6488803,6488803,-1.1864,-4.549,25.1739,"Aug 30, 16",0.21438606075979005
2016-08-31,24.5064,24.8565,24.0688,24.6329,6951107,6951107,-0.26257,-1.055,24.609,"Aug 31, 16",0.20158143255741354
2016-09-01,24.4092,25.7172,24.1952,25.5178,7544922,7544922,0.884955,3.593,25.2328,"Sep 1, 16",0.24474644397182505
2016-09-02,26.3444,26.7305,25.9457,26.6848,7447561,7447561,1.167,4.573,26.4462,"Sep 2, 16",0.3016721624943904
2016-09-06,27.4822,28.1046,26.8465,28.0754,7334033,7334033,1.3906,5.211,27.6236,"Sep 6, 16",0.3695049852685801
2016-09-07,28.0463,28.513,27.5211,28.445,5997732,5997732,0.369541,1.316,28.0329,"Sep 7, 16",0.3875339017775264
2016-09-08,28.4061,28.6492,27.9198,28.1046,4364331,4364331,-0.340367,-1.197,28.2051,"Sep 8, 16",0.3709293477200446
2016-09-09,27.7156,27.8031,26.4101,26.5584,6510042,6510042,-1.5462,-5.502,26.9538,"Sep 9, 16",0.29550642914284597
2016-09-12,25.8096,27.3752,25.6831,27.171,8013025,8013025,0.612662,2.307,26.6981,"Sep 12, 16",0.3253887729019922
2016-09-13,26.8015,26.9182,25.6831,25.9652,6434052,6434052,-1.2059,-4.438,26.185,"Sep 13, 16",0.26657040838227547
2016-09-14,26.1694,26.7237,25.8582,26.1499,5032392,5032392,0.184772,0.712,26.3187,"Sep 14, 16",0.27557998868314765
2016-09-15,26.0332,26.6264,25.6831,26.2374,4292795,4292795,0.087523,0.335,26.2524,"Sep 15, 16",0.2798481980839399
2016-09-16,25.8971,26.3639,25.44,25.8679,6792950,6792950,-0.369542,-1.408,25.8316,"Sep 16, 16",0.26182415952859456
2016-09-19,26.2472,26.4806,26.0235,26.1694,4114282,4114282,0.301468,1.165,26.2458,"Sep 19, 16",0.27653118963532425
2016-09-20,26.2277,26.2666,25.7804,26.0332,3970851,3970851,-0.136147,-0.52,25.9799,"Sep 20, 16",0.2698874168308912
2016-09-21,26.5778,28.1241,26.4806,28.0657,7376919,7376919,2.0325,7.807,27.3967,"Sep 21, 16",0.36903182376929233
2016-09-22,28.5033,28.7173,27.6028,27.9004,6115964,6115964,-0.165322,-0.589,28.1585,"Sep 22, 16",0.3609685664669959
2016-09-23,27.7448,27.8907,26.8678,27.0543,3748886,3748886,-0.846055,-3.032,27.3583,"Sep 23, 16",0.31969620104973573
2016-09-26,27.4044,27.4141,26.7529,26.782,3283786,3283786,-0.272293,-1.006,27.0086,"Sep 26, 16",0.3064135333944704
2016-09-27,26.5195,26.714,26.1596,26.5,3299643,3299643,-0.282018,-1.053,26.4679,"Sep 27, 16",0.2926577042399173
2016-09-28,26.5,27.2634,26.111,27.0738,4298959,4298959,0.573761,2.165,26.6993,"Sep 28, 16",0.32064740200191216
2016-09-29,26.9474,27.2245,26.5292,26.889,3592080,3592080,-0.184771,-0.682,26.9029,"Sep 29, 16",0.3116329437474391
2016-09-30,27.3655,27.5114,26.2666,26.2861,4555818,4555818,-0.602937,-2.242,26.6585,"Sep 30, 16",0.2822237614875808
2016-10-03,26.2083,26.4806,25.2358,25.547,4127066,4127066,-0.739082,-2.812,25.5994,"Oct 3, 16",0.2461708064232894
2016-10-04,24.6523,24.6523,22.8629,22.9116,10761309,10761309,-2.6354,-10.316,23.5718,"Oct 4, 16",0.11761721722502981
2016-10-05,23.2617,23.2617,22.0655,22.6004,6458043,6458043,-0.311193,-1.358,22.5652,"Oct 5, 16",0.10243702561901238
2016-10-06,21.9488,22.4579,21.7738,22.1725,6298013,6298013,-0.427891,-1.893,22.0849,"Oct 6, 16",0.08156426216073835
2016-10-07,22.7657,22.9407,21.5112,21.9585,6979185,6979185,-0.213944,-0.965,22.0861,"Oct 7, 16",0.07112544145480097
2016-10-10,22.2697,22.5226,22.0558,22.2308,3478463,3478463,0.272294,1.24,22.2963,"Oct 10, 16",0.08440810911006612
2016-10-11,21.9974,22.4351,21.7446,21.9488,4885875,4885875,-0.282019,-1.269,22.0514,"Oct 11, 16",0.07065227995551304
2016-10-12,22.2017,22.6879,21.8807,22.4156,4206703,4206703,0.466789,2.127,22.2786,"Oct 12, 16",0.09342256736453934
2016-10-13,22.2308,22.9991,22.0072,22.474,4399132,4399132,0.058349,0.26,22.4557,"Oct 13, 16",0.09627129226746801
2016-10-14,22.2308,22.8338,22.1433,22.2308,3377257,3377257,-0.243119,-1.082,22.3705,"Oct 14, 16",0.08440810911006612
2016-10-17,22.2989,22.6101,22.26,22.5129,2685776,2685776,0.282018,1.269,22.4751,"Oct 17, 16",0.0981688162182201
2016-10-18,22.9991,23.4367,22.5605,23.4173,5427258,5427258,0.904405,4.017,23.1582,"Oct 18, 16",0.1422850285848082
2016-10-19,23.8743,24.0105,23.32,23.6896,6627193,6627193,0.272292,1.163,23.693,"Oct 19, 16",0.15556769624007336
2016-10-20,23.6507,23.7868,23.32,23.7382,3268057,3268057,0.048626,0.205,23.616,"Oct 20, 16",0.15793838169011337
2016-10-21,23.9035,23.9229,23.5145,23.6604,2513873,2513873,-0.077801,-0.328,23.6955,"Oct 21, 16",0.154143333788609
2016-10-24,23.884,23.9327,22.897,23.1936,4065295,4065295,-0.466787,-1.973,23.2268,"Oct 24, 16",0.1313730463795829
2016-10-25,23.3784,23.8714,23.2033,23.6215,3749727,3749727,0.427889,1.845,23.5791,"Oct 25, 16",0.15224580983785693
2016-10-26,23.602,23.709,23.0866,23.2908,3201147,3201147,-0.330642,-1.4,23.3428,"Oct 26, 16",0.13611441727966292
2016-10-27,23.3589,23.4756,22.5518,22.7754,3525185,3525185,-0.515412,-2.213,22.8951,"Oct 27, 16",0.11097344442059678
2016-10-28,22.6587,23.1839,22.4059,22.7949,4349866,4349866,0.019448,0.085,22.7893,"Oct 28, 16",0.11192464537277319
2016-10-31,22.8629,23.4951,22.6296,23.4464,3504191,3504191,0.65156,2.858,23.2171,"Oct 31, 16",0.14370451308267163
2016-11-01,24.1077,24.2536,23.6701,23.6798,5120122,5120122,0.233395,0.995,23.9607,"Nov 1, 16",0.1550896567871847
2016-11-02,24.1952,24.5763,23.1255,23.3395,6608731,6608731,-0.340367,-1.437,23.9628,"Nov 2, 16",0.13848998068330384
2016-11-03,23.0769,23.884,23.0477,23.7479,3899430,3899430,0.408441,1.75,23.638,"Nov 3, 16",0.1584115431894013
2016-11-04,23.709,23.8257,22.7268,23.145,5256249,5256249,-0.602936,-2.539,23.1875,"Nov 4, 16",0.12900236092954287
2016-11-07,22.542,22.824,22.0607,22.6976,4118497,4118497,-0.447341,-1.933,22.4998,"Nov 7, 16",0.10717839651909243
2016-11-08,22.824,23.5923,22.5809,22.9116,4408480,4408480,0.213946,0.943,23.0662,"Nov 8, 16",0.11761721722502981
2016-11-09,24.2828,24.2828,22.7754,23.4173,7493740,7493740,0.505689,2.207,23.4467,"Nov 9, 16",0.1422850285848082
2016-11-10,22.9407,23.145,19.4107,19.4593,13546733,13546733,-3.958,-16.902,20.4708,"Nov 10, 16",-0.05078437493902559
2016-11-11,19.6829,19.9455,17.2907,17.4268,12232720,12232720,-2.0325,-10.445,18.1479,"Nov 11, 16",-0.14992878187742675
2016-11-14,17.0573,18.1756,16.6877,17.8644,8432493,8432493,0.437614,2.511,17.4763,"Nov 14, 16",-0.12858285691986496
2016-11-15,18.0103,19.294,17.845,19.1384,9891496,9891496,1.2739,7.131,18.84,"Nov 15, 16",-0.06643772804433076
2016-11-16,19.1189,19.4107,18.8174,19.2648,5691479,5691479,0.126421,0.661,19.072,"Nov 16, 16",-0.060271994692786386
2016-11-17,19.3912,19.5954,18.3118,18.6521,6994512,6994512,-0.612661,-3.18,18.8868,"Nov 17, 16",-0.09015921640553347
2016-11-18,18.4382,18.7591,17.8839,18.2048,5146148,5146148,-0.447339,-2.398,18.1947,"Nov 18, 16",-0.1119783028623832
2016-11-21,18.5072,18.5755,18.1292,18.3609,4125407,4125407,0.156094,0.857,18.3504,"Nov 21, 16",-0.10436381729136984
2016-11-22,18.4877,18.7121,18.1755,18.6633,4769443,4769443,0.302437,1.647,18.4682,"Nov 22, 16",-0.08961288560223213
2016-11-23,17.8828,17.9414,17.5414,17.8731,5628270,5628270,-0.790239,-4.234,17.7924,"Nov 23, 16",-0.12815847495658614
2016-11-25,17.8926,17.9609,17.5121,17.6292,4475506,4475506,-0.243901,-1.365,17.6763,"Nov 25, 16",-0.14005580378919427
2016-11-28,17.8828,18.4048,17.6487,18.3609,4590481,4590481,0.731703,4.151,18.0715,"Nov 28, 16",-0.10436381729136984
2016-11-29,17.8243,18.3706,17.756,18.2243,3641706,3641706,-0.136584,-0.744,18.1424,"Nov 29, 16",-0.11102710191020661
2016-11-30,18.0194,18.117,17.5999,17.7853,4679714,4679714,-0.439024,-2.409,17.7878,"Nov 30, 16",-0.1324413182181811
2016-12-01,17.6389,18.117,17.1804,17.6584,6123187,6123187,-0.126827,-0.713,17.5475,"Dec 1, 16",-0.13863144133772995
2016-12-02,17.9023,18.5365,17.8145,18.234,5272670,5272670,0.575606,3.26,18.2196,"Dec 2, 16",-0.11055394041091869
2016-12-05,17.9511,18.4779,17.5609,18.3901,4835721,4835721,0.156098,0.856,18.0816,"Dec 5, 16",-0.1029394548399055
2016-12-06,18.3511,19.1218,18.3218,18.5658,4534988,4534988,0.175608,0.955,18.6942,"Dec 6, 16",-0.09436889036311485
2016-12-07,18.9267,18.995,18.3804,18.6438,5771599,5771599,0.078049,0.42,18.6908,"Dec 7, 16",-0.09056408655440872
2016-12-08,18.5755,18.6828,18.1999,18.5658,3947626,3947626,-0.078049,-0.419,18.4315,"Dec 8, 16",-0.09436889036311485
2016-12-09,18.4584,18.634,17.9609,18.1072,4990674,4990674,-0.458534,-2.47,18.268,"Dec 9, 16",-0.11673918557686681
2016-12-12,18.3218,18.6048,18.0389,18.3609,4287498,4287498,0.253657,1.401,18.3766,"Dec 12, 16",-0.10436381729136984
2016-12-13,18.3414,18.8779,18.3121,18.7901,4247477,4247477,0.429266,2.338,18.6857,"Dec 13, 16",-0.08342764043628419
2016-12-14,18.9462,19.1316,18.1659,18.2243,7542388,7542388,-0.56585,-3.011,18.6124,"Dec 14, 16",-0.11102710191020661
2016-12-15,17.4926,17.6584,16.5267,16.6243,14057047,14057047,-1.6,-8.779,16.94,"Dec 15, 16",-0.1890743595246921
2016-12-16,16.7609,17.2975,16.7023,16.9365,8146210,8146210,0.312192,1.878,16.9649,"Dec 16, 16",-0.17384538838266572
2016-12-19,16.9755,17.3365,16.8292,17.0828,3855846,3855846,0.146342,0.864,17.0972,"Dec 19, 16",-0.1667089422645412
2016-12-20,16.6341,17.0926,16.5463,17.0633,4661126,4661126,-0.019511,-0.114,16.8691,"Dec 20, 16",-0.1676601432167176
2016-12-21,17.0828,17.1706,16.8877,17.0048,3405369,3405369,-0.058536,-0.343,17.0194,"Dec 21, 16",-0.17051374607324735
2016-12-22,16.8194,17.1901,16.8097,16.917,3188482,3188482,-0.087805,-0.516,16.9681,"Dec 22, 16",-0.17479658933484213
2016-12-23,16.9462,17.2536,16.9267,17.1219,2852758,2852758,0.204877,1.211,17.0983,"Dec 23, 16",-0.16480166240658714
2016-12-27,17.2975,17.5706,17.2389,17.5121,2913145,2913145,0.390241,2.279,17.4196,"Dec 27, 16",-0.14576788745585448
2016-12-28,17.4145,18.0779,17.3853,18.0292,4991464,4991464,0.51707,2.953,17.8929,"Dec 28, 16",-0.12054398938557295
2016-12-29,18.3511,19.7657,18.2438,19.7267,8988937,8988937,1.6976,9.416,19.396,"Dec 29, 16",-0.03774072701020459
2016-12-30,19.795,20.3804,18.8097,18.8487,8696091,8696091,-0.878044,-4.451,19.3867,"Dec 30, 16",-0.08056915962615355
2017-01-03,18.8877,19.3853,18.7999,19.3365,6033838,6033838,0.487803,2.588,19.1688,"Jan 3, 17",-0.05677450196093726
2017-01-04,19.6292,19.6779,19.0731,19.4536,4067036,4067036,0.117073,0.605,19.3215,"Jan 4, 17",-0.051062418294277066
2017-01-05,19.834,20.5462,19.834,20.4096,6673198,6673198,0.956091,4.915,20.2671,"Jan 5, 17",-0.0044291818696219586
2017-01-06,20.0584,20.3609,19.4438,19.8048,5268319,5268319,-0.604874,-2.964,19.8129,"Jan 6, 17",-0.03393104524789755
2017-01-09,20.2243,20.2731,19.6292,19.7755,5213089,5213089,-0.029269,-0.148,19.8613,"Jan 9, 17",-0.03536028565296278
2017-01-10,19.8731,20.2731,19.5316,19.9121,4575380,4575380,0.136585,0.691,19.8656,"Jan 10, 17",-0.028697001034126177
2017-01-11,19.7462,20.0389,19.1511,19.7853,5407652,5407652,-0.126829,-0.637,19.6143,"Jan 11, 17",-0.03488224620007413
2017-01-12,20.2535,20.2828,19.4145,19.6194,5212015,5212015,-0.165852,-0.838,19.8623,"Jan 12, 17",-0.04297477122397613
2017-01-13,19.5023,20.0292,19.1999,19.9706,4014004,4014004,0.351217,1.79,19.7365,"Jan 13, 17",-0.02584339817759644
2017-01-17,20.5462,20.634,20.0389,20.2731,4641352,4641352,0.302438,1.514,20.2609,"Jan 17, 17",-0.011087588534857837
2017-01-18,20.2243,20.6731,19.8362,20.1072,4823320,4823320,-0.165853,-0.818,20.2992,"Jan 18, 17",-0.01918011355875984
2017-01-19,19.8243,20.4877,19.8145,20.3316,3418488,3418488,0.224389,1.116,20.2006,"Jan 19, 17",-0.008233985678328101
2017-01-20,20.4292,20.9365,20.3414,20.7023,4457426,4457426,0.37073,1.823,20.6856,"Jan 20, 17",0.009848588320227994
2017-01-23,20.995,21.3852,20.8389,21.3462,4085453,4085453,0.643898,3.11,21.1859,"Jan 23, 17",0.04125773155645746
2017-01-24,21.3267,21.6584,21.0048,21.3267,5007325,5007325,-0.019513,-0.091,21.3159,"Jan 24, 17",0.04030653060428088
2017-01-25,21.0048,21.2487,20.7706,21.1901,3817101,3817101,-0.136582,-0.64,20.9989,"Jan 25, 17",0.033643245985444284
2017-01-26,20.6828,20.8828,20.356,20.4389,5349667,5349667,-0.751218,-3.545,20.5356,"Jan 26, 17",-0.0029999414645567298
2017-01-27,20.3706,20.956,20.3121,20.8974,3904238,3904238,0.458535,2.243,20.6242,"Jan 27, 17",0.01936547579559433
2017-01-30,21.0535,21.0633,20.5853,20.7121,3235424,3235424,-0.185364,-0.887,20.8488,"Jan 30, 17",0.010326627773116645
2017-01-31,21.2974,21.795,21.2194,21.5901,5301702,5301702,0.878044,4.239,21.55,"Jan 31, 17",0.05315506038906561
2017-02-01,21.3852,21.6438,21.1316,21.5901,3558133,3558133,0,0,21.3788,"Feb 1, 17",0.05315506038906561
2017-02-02,22.0877,22.1267,21.5755,21.6682,4358594,4358594,0.078048,0.361,21.7777,"Feb 2, 17",0.05696474215137264
2017-02-03,21.6194,21.8828,21.5223,21.6682,2826990,2826990,0,0,21.6772,"Feb 3, 17",0.05696474215137264
2017-02-06,22.0194,22.1462,21.4828,22.1462,4183880,4183880,0.478046,2.206,21.7894,"Feb 6, 17",0.08028136036370029
2017-02-07,21.9901,22.3706,21.834,22.1365,3506553,3506553,-0.009756,-0.044,22.1352,"Feb 7, 17",0.07980819886441252
2017-02-08,22.3316,22.4974,22.0926,22.2633,3613565,3613565,0.126829,0.573,22.3089,"Feb 8, 17",0.08599344403036048
2017-02-09,22.2048,22.2243,21.2096,21.4828,5290553,5290553,-0.780483,-3.506,21.5688,"Feb 9, 17",0.047921016175294234
2017-02-10,21.2974,21.8487,21.2682,21.7462,3563826,3563826,0.263413,1.226,21.6576,"Feb 10, 17",0.06076954596007896
2017-02-13,21.5218,21.717,21.434,21.6487,3453264,3453264,-0.097561,-0.449,21.5948,"Feb 13, 17",0.05601354119919624
2017-02-14,21.834,21.8633,21.3462,21.6877,3974726,3974726,0.039024,0.18,21.6298,"Feb 14, 17",0.05791594310354922
2017-02-15,21.4633,21.6682,21.3121,21.6389,4152730,4152730,-0.048781,-0.225,21.511,"Feb 15, 17",0.05553550174630742
2017-02-16,21.6291,21.7267,21.2535,21.2877,6014969,6014969,-0.351217,-1.623,21.4298,"Feb 16, 17",0.0384041286999279
2017-02-17,21.2779,21.4438,20.9365,21.0048,3586632,3586632,-0.282925,-1.329,21.1013,"Feb 17, 17",0.024604397962966595
2017-02-21,20.6731,20.917,20.0487,20.8389,4814243,4814243,-0.165852,-0.79,20.6253,"Feb 21, 17",0.016511872939064594
2017-02-22,20.6828,21.2292,20.3748,20.7999,4404752,4404752,-0.039026,-0.187,20.7594,"Feb 22, 17",0.01460947103471161
2017-02-23,21.1609,21.2487,20.9267,20.9853,3517571,3517571,0.185366,0.891,21.0773,"Feb 23, 17",0.02365319701079002
2017-02-24,21.2389,21.3072,20.5072,20.634,4230877,4230877,-0.351218,-1.674,20.7813,"Feb 24, 17",0.006516946010809608
2017-02-27,20.595,20.7999,19.0438,19.1804,8137368,8137368,-1.4536,-7.045,19.9428,"Feb 27, 17",-0.06438898753195062
2017-02-28,19.356,19.7072,18.8194,19.0731,6573982,6573982,-0.107317,-0.56,19.2636,"Feb 28, 17",-0.06962303174572199
2017-03-01,18.7706,19.4633,18.6145,19.2682,4161889,4161889,0.195122,1.023,19.0337,"Mar 1, 17",-0.06010614427035565
2017-03-02,18.9853,19.1218,18.634,18.7511,5233777,5233777,-0.517071,-2.684,18.8066,"Mar 2, 17",-0.08533004234063717
2017-03-03,18.6243,19.1316,18.4975,18.9657,5838253,5838253,0.214632,1.145,18.8232,"Mar 3, 17",-0.07486195391309443
2017-03-06,18.8292,18.8682,18.5462,18.7901,3192585,3192585,-0.175608,-0.926,18.6918,"Mar 6, 17",-0.08342764043628419
2017-03-07,18.5755,18.7121,18.3511,18.6438,4301397,4301397,-0.14634,-0.779,18.547,"Mar 7, 17",-0.09056408655440872
2017-03-08,18.3511,18.6097,18.234,18.4487,3247454,3247454,-0.195122,-1.047,18.4336,"Mar 8, 17",-0.10008097402977505
2017-03-09,18.4389,18.7218,18.2243,18.3121,2885473,2885473,-0.136584,-0.74,18.4008,"Mar 9, 17",-0.10674425864861165
2017-03-10,18.4292,18.8877,18.234,18.8292,4237519,4237519,0.51707,2.824,18.589,"Mar 10, 17",-0.08152036057833013
2017-03-13,18.9267,19.0243,18.7316,18.9755,2418900,2418900,0.146341,0.777,18.8932,"Mar 13, 17",-0.0743839144602056
2017-03-14,18.8877,19.1218,18.4292,18.5267,4138774,4138774,-0.448778,-2.365,18.7021,"Mar 14, 17",-0.09627617022106873
2017-03-15,18.6926,19.7365,18.5364,19.6389,6296074,6296074,1.1122,6.003,19.1466,"Mar 15, 17",-0.04202357027179955
2017-03-16,20.0975,20.1267,19.5121,19.5804,3654543,3654543,-0.058536,-0.298,19.6707,"Mar 16, 17",-0.04487717312832912
2017-03-17,19.5609,19.8438,19.2584,19.4145,4988996,4988996,-0.165853,-0.847,19.4502,"Mar 17, 17",-0.05296969815223112
2017-03-20,19.4828,19.6145,19.2389,19.5316,3069062,3069062,0.117072,0.603,19.4429,"Mar 20, 17",-0.04725761448557092
2017-03-21,19.5804,19.6584,19.2975,19.4438,4516583,4516583,-0.087805,-0.45,19.4967,"Mar 21, 17",-0.05154045774716589
2017-03-22,19.5218,21.1511,19.434,20.8877,11284031,11284031,1.4439,7.426,20.6553,"Mar 22, 17",0.018892314296306403
2017-03-23,20.8682,21.034,19.718,20.1072,7780138,7780138,-0.780483,-3.737,20.1113,"Mar 23, 17",-0.01918011355875984
2017-03-24,19.9901,20.2779,19.8828,20.0389,3718620,3718620,-0.068292,-0.34,20.0712,"Mar 24, 17",-0.022511755868178055
2017-03-27,20.5072,20.6818,20.156,20.517,4715774,4715774,0.478046,2.386,20.4284,"Mar 27, 17",0.0008097402977503069
2017-03-28,20.4974,20.7316,20.0389,20.2145,5866551,5866551,-0.302436,-1.474,20.3247,"Mar 28, 17",-0.013946069344988295
2017-03-29,20.1755,20.2731,19.917,19.9999,3501495,3501495,-0.214634,-1.062,20.0401,"Mar 29, 17",-0.02441415777253121
2017-03-30,19.8731,20.0292,19.7072,19.8145,2583219,2583219,-0.185365,-0.927,19.8515,"Mar 30, 17",-0.03345788374860979
2017-03-31,19.8438,20.6438,19.7267,20.3316,4090708,4090708,0.51707,2.61,20.3348,"Mar 31, 17",-0.008233985678328101
2017-04-03,20.2827,20.7183,20.2681,20.7134,2675893,2675893,0.38177,1.878,20.5696,"Apr 3, 17",0.010390041169928439
2017-04-04,20.7819,20.9385,20.6644,20.8406,2192390,2192390,0.127255,0.614,20.8391,"Apr 4, 17",0.016594798150279966
2017-04-05,20.4686,21.0364,20.4686,20.7917,3904769,3904769,-0.048943,-0.235,20.8471,"Apr 5, 17",0.014209478839437264
2017-04-06,20.7721,20.8847,20.6204,20.8504,1961300,1961300,0.058733,0.282,20.7767,"Apr 6, 17",0.01707283760316879
2017-04-07,21.1539,21.1539,20.2533,20.498,4623893,4623893,-0.352401,-1.69,20.6856,"Apr 7, 17",-0.00011707088642162882
2017-04-10,20.3805,20.7574,20.1211,20.6351,2647909,2647909,0.137044,0.669,20.5176,"Apr 10, 17",0.006570603500419615
2017-04-11,20.87,21.5944,20.7232,21.3105,6251484,6251484,0.675436,3.273,21.2831,"Apr 11, 17",0.03951630212093433
2017-04-12,21.3986,21.5258,21.1245,21.4084,2567766,2567766,0.097889,0.459,21.328,"Apr 12, 17",0.044291818696220626
2017-04-13,21.5356,21.6433,21.1929,21.379,3221993,3221993,-0.029367,-0.137,21.44,"Apr 13, 17",0.042857700337554504
2017-04-17,21.4377,21.8097,21.428,21.5356,2860330,2860330,0.156623,0.733,21.6193,"Apr 17, 17",0.050496575676572154
2017-04-18,21.4084,21.5063,21.0853,21.4377,3814498,3814498,-0.097889,-0.455,21.3526,"Apr 18, 17",0.045721059101285856
2017-04-19,21.1637,21.2527,20.5665,20.7623,4130834,4130834,-0.675436,-3.151,20.8577,"Apr 19, 17",0.012775360480771141
2017-04-20,20.6742,21.0364,20.5567,20.8015,3342739,3342739,0.039156,0.189,20.7947,"Apr 20, 17",0.014687518292326087
2017-04-21,20.9189,20.9385,20.5665,20.6448,3948038,3948038,-0.156622,-0.753,20.7301,"Apr 21, 17",0.007043764999707371
2017-04-24,20.3414,20.8015,20.2827,20.5274,3786117,3786117,-0.117469,-0.569,20.5912,"Apr 24, 17",0.001317047472244494
2017-04-25,20.3218,20.4393,19.3429,19.7247,7004776,7004776,-0.802691,-3.91,19.7097,"Apr 25, 17",-0.03783828608222281
2017-04-26,19.6464,19.989,19.3821,19.9303,4602349,4602349,0.205568,1.042,19.787,"Apr 26, 17",-0.027809213478761394
2017-04-27,19.8519,19.9009,19.3527,19.4995,5002753,5002753,-0.430714,-2.161,19.5232,"Apr 27, 17",-0.04882343759146153
2017-04-28,19.5387,19.7247,19.4114,19.5485,4463067,4463067,0.048945,0.251,19.5535,"Apr 28, 17",-0.046433240327017934
2017-05-01,19.4408,19.6072,19.0346,19.1765,3442453,3442453,-0.371978,-1.903,19.2477,"May 1, 17",-0.06457922772238582
2017-05-02,19.0395,19.4506,19.0297,19.3429,3472251,3472251,0.166411,0.868,19.3322,"May 2, 17",-0.056462312930479354
2017-05-03,19.2548,19.5289,19.0003,19.0492,3894988,3894988,-0.293667,-1.518,19.1531,"May 3, 17",-0.07078886265633842
2017-05-04,18.8241,18.873,18.3542,18.5304,4682596,4682596,-0.518814,-2.724,18.5707,"May 4, 17",-0.09609568593783531
2017-05-05,18.6283,19.2647,18.599,19.0688,2963864,2963864,0.53839,2.905,19.0379,"May 5, 17",-0.06983278375056094
2017-05-08,19.1471,19.1667,18.873,19.1471,2119126,2119126,0.078313,0.411,19.0604,"May 8, 17",-0.06601334608105212
2017-05-09,18.9318,19.3527,18.5304,18.8535,4206886,4206886,-0.293668,-1.534,18.8815,"May 9, 17",-0.08033501785331013
2017-05-10,19.0199,19.431,18.922,19.1276,3435275,3435275,0.274089,1.454,19.1053,"May 10, 17",-0.06696454703322853
2017-05-11,19.1765,19.5974,19.0591,19.5974,4642103,4642103,0.469868,2.456,19.4328,"May 11, 17",-0.04404792101617523
2017-05-12,19.754,20.2141,19.7345,20.2141,4507245,4507245,0.616703,3.147,20.1059,"May 12, 17",-0.013965581159392044
2017-05-15,20.5763,20.6448,20.1358,20.4686,3453894,3453894,0.254512,1.259,20.4273,"May 15, 17",-0.001551189245087925
2017-05-16,20.361,21.0462,20.312,21.0168,1575672,1575672,0.54818,2.678,20.8971,"May 16, 17",0.02518975239507526
2017-05-17,21.5356,21.5356,20.821,20.9385,3270529,3270529,-0.078312,-0.373,21.1294,"May 17, 17",0.021370314725566438
2017-05-18,20.6546,20.7525,20.175,20.547,2226620,2226620,-0.391555,-1.87,20.5451,"May 18, 17",0.002273126378021967
2017-05-19,20.7329,20.7721,20.5274,20.6351,2114240,2114240,0.088099,0.429,20.629,"May 19, 17",0.006570603500419615
2017-05-22,20.7036,21.2713,20.7036,20.9091,1759678,1759678,0.274089,1.328,21.0102,"May 22, 17",0.019936196366900142
2017-05-23,20.8699,20.9582,20.1038,20.1235,2476192,2476192,-0.785691,-3.758,20.4057,"May 23, 17",-0.018385007121812215
2017-05-24,20.0842,20.4377,19.9074,20.3984,2551732,2551732,0.27499,1.367,20.2158,"May 24, 17",-0.004975512672923471
2017-05-25,20.2904,20.3297,19.9467,20.2413,1794391,1794391,-0.157138,-0.77,20.1719,"May 25, 17",-0.012638777779945763
2017-05-26,20.5065,20.6538,20.2217,20.5163,1883351,1883351,0.274993,1.359,20.5122,"May 26, 17",0.0007755946225440491
2017-05-30,20.1824,20.585,20.1038,20.4475,1411110,1411110,-0.068748,-0.335,20.4372,"May 30, 17",-0.0025804374548788075
2017-05-31,20.3199,20.5163,19.986,20.1431,2066099,2066099,-0.304454,-1.489,20.2017,"May 31, 17",-0.017428928216034742
2017-06-01,20.0056,20.1284,19.8877,19.9369,1432138,1432138,-0.206243,-1.024,19.9963,"Jun 1, 17",-0.027487268541101523
2017-06-02,20.1136,20.3493,20.0056,20.0154,2012835,2012835,0.078568,0.394,20.1415,"Jun 2, 17",-0.023658074964390912
2017-06-05,20.094,20.1038,19.4851,19.6717,1620838,1620838,-0.34374,-1.717,19.7046,"Jun 5, 17",-0.04042360149070252
2017-06-06,19.9467,20.4917,19.8681,20.477,2746565,2746565,0.805332,4.094,20.2923,"Jun 6, 17",-0.0011414411426117908
2017-06-07,20.2708,20.6145,20.1431,20.3297,1682301,1682301,-0.147316,-0.719,20.3289,"Jun 7, 17",-0.008326666796745433
2017-06-08,20.0743,20.2659,19.8583,20.2413,1586815,1586815,-0.088392,-0.435,20.0908,"Jun 8, 17",-0.012638777779945763
2017-06-09,19.986,20.1235,19.6422,19.7306,1723304,1723304,-0.510697,-2.523,19.8417,"Jun 9, 17",-0.03755048681976937
2017-06-12,19.6422,19.9414,19.5244,19.5538,2099164,2099164,-0.176779,-0.896,19.6264,"Jun 12, 17",-0.046174708786170034
2017-06-13,19.544,19.6373,19.2788,19.6029,1963693,1963693,0.049106,0.251,19.4622,"Jun 13, 17",-0.04377963356812537
2017-06-14,19.8288,20.0351,18.886,18.9842,3349984,3349984,-0.618731,-3.156,19.3696,"Jun 14, 17",-0.07395953249692679
2017-06-15,18.7976,18.9842,18.5815,18.7092,2501007,2501007,-0.27499,-1.449,18.7293,"Jun 15, 17",-0.0873739048994166
2017-06-16,18.7387,18.9253,18.6797,18.778,2911115,2911115,0.068747,0.367,18.7698,"Jun 16, 17",-0.08401787282199374
2017-06-19,18.6405,19.0235,18.6405,18.8664,1560236,1560236,0.088391,0.471,18.8514,"Jun 19, 17",-0.07970576183879341
2017-06-20,18.7681,18.8074,18.6356,18.7387,1517814,1517814,-0.127675,-0.677,18.7289,"Jun 20, 17",-0.0859349085871494
2017-06-21,18.7485,19.2494,18.7387,19.2494,1391690,1391690,0.510697,2.725,19.0956,"Jun 21, 17",-0.061023199547325796
2017-06-22,19.4556,19.6324,19.3574,19.5735,1784913,1784913,0.324097,1.684,19.5315,"Jun 22, 17",-0.04521375192679167
2017-06-23,19.6128,19.8681,19.5145,19.8583,1687578,1687578,0.284812,1.455,19.79,"Jun 23, 17",-0.031321340071413205
2017-06-26,19.7306,19.927,19.6619,19.7797,1316652,1316652,-0.078568,-0.396,19.7815,"Jun 26, 17",-0.03515541160172488
2017-06-27,19.8681,19.9761,19.7797,19.7994,4368143,4368143,0.019642,0.099,19.8543,"Jun 27, 17",-0.03419445474234652
2017-06-28,19.9369,20.0596,19.6029,20.0154,1553269,1553269,0.216064,1.091,19.9233,"Jun 28, 17",-0.023658074964390912
2017-06-29,19.7502,19.7797,19.3672,19.4458,2902589,2902589,-0.569624,-2.846,19.5225,"Jun 29, 17",-0.051442898675147834
2017-06-30,19.4262,19.5538,19.3574,19.5342,2249634,2249634,0.08839,0.455,19.4628,"Jun 30, 17",-0.04713078769194751
2017-07-03,19.1021,19.3083,18.8271,19.0038,1637497,1637497,-0.53034,-2.715,19.017,"Jul 3, 17",-0.07300345359114949
2017-07-05,18.7387,19.1413,18.611,19.0922,2884728,2884728,0.088389,0.465,18.9042,"Jul 5, 17",-0.06869134260794915
2017-07-06,19.0628,19.1021,18.7976,18.9253,2521621,2521621,-0.166958,-0.874,18.9131,"Jul 6, 17",-0.07683264716786009
2017-07-07,18.8565,18.9351,18.5226,18.6306,4199337,4199337,-0.294632,-1.557,18.6611,"Jul 7, 17",-0.0912079764297281
2017-07-10,18.503,19.1315,18.4342,19.0726,3040528,3040528,0.441949,2.372,18.9222,"Jul 10, 17",-0.06964742151372645
2017-07-11,19.0038,19.215,18.7289,19.1806,2097626,2097626,0.108031,0.566,19.0172,"Jul 11, 17",-0.06437923162474883
2017-07-12,19.2985,19.5735,19.1119,19.1217,2440102,2440102,-0.058926,-0.307,19.2749,"Jul 12, 17",-0.06725234629568197
2017-07-13,19.1021,19.2592,18.719,18.8467,2239580,2239580,-0.274991,-1.438,18.8689,"Jul 13, 17",-0.08066671869817178
2017-07-14,19.1904,19.2887,19.053,19.1119,2970055,2970055,0.265171,1.407,19.1532,"Jul 14, 17",-0.06773038574857079
2017-07-17,19.2985,19.4458,19.1904,19.2199,1935072,1935072,0.108031,0.565,19.2916,"Jul 17, 17",-0.062462195859592985
2017-07-18,19.4262,19.436,19.0726,19.1806,1647120,1647120,-0.039285,-0.204,19.1902,"Jul 18, 17",-0.06437923162474883
2017-07-19,19.1806,19.3476,19.1217,19.2101,2819764,2819764,0.029464,0.154,19.2029,"Jul 19, 17",-0.06294023531248163
2017-07-20,19.1413,19.7895,19.1021,19.6422,2257038,2257038,0.432129,2.249,19.5808,"Jul 20, 17",-0.041862597802969706
2017-07-21,19.819,19.9074,19.4458,19.6422,1685687,1685687,0,0,19.6469,"Jul 21, 17",-0.041862597802969706
2017-07-24,19.6619,19.7404,19.2101,19.2788,1800713,1800713,-0.363381,-1.85,19.3931,"Jul 24, 17",-0.05958908118865967
2017-07-25,19.2592,19.5833,19.1315,19.2887,2871691,2871691,0.009821,0.051,19.3134,"Jul 25, 17",-0.05910616378217013
2017-07-26,19.1904,19.9892,18.9646,19.8976,3038587,3038587,0.608908,3.157,19.5933,"Jul 26, 17",-0.029404304306257366
2017-07-27,20.0842,20.1136,19.652,19.8092,3150283,3150283,-0.088389,-0.444,19.8705,"Jul 27, 17",-0.033716415289457694
2017-07-28,19.9565,20.2413,19.7502,20.1431,2355343,2355343,0.333918,1.686,20.0436,"Jul 28, 17",-0.017428928216034742
2017-07-31,20.094,20.2413,19.9074,19.9467,2099376,2099376,-0.196422,-0.975,20.0164,"Jul 31, 17",-0.027009229088212874
2017-08-01,19.3869,19.436,19.0824,19.2101,3224484,3224484,-0.736584,-3.693,19.2095,"Aug 1, 17",-0.06294023531248163
2017-08-02,19.6717,19.873,19.6029,19.6324,1776154,1776154,0.422308,2.198,19.7203,"Aug 2, 17",-0.042340637255858356
2017-08-03,19.6029,19.7699,19.4654,19.5636,1804138,1804138,-0.068748,-0.35,19.5948,"Aug 3, 17",-0.04569666933328121
2017-08-04,19.3869,19.436,19.0824,19.2101,3224484,3224484,-0.35356,-1.807,19.2095,"Aug 4, 17",-0.06294023531248163
2017-08-07,19.2101,19.2494,19.1021,19.161,2009012,2009012,-0.049106,-0.256,19.1615,"Aug 7, 17",-0.06533531053052613
2017-08-08,19.2494,19.2985,19.0038,19.2494,3544767,3544767,0.08839,0.461,19.1693,"Aug 8, 17",-0.061023199547325796
2017-08-09,19.4949,19.6324,19.269,19.5145,2136160,2136160,0.265169,1.378,19.467,"Aug 9, 17",-0.0480917445513257
2017-08-10,19.7404,19.8877,19.3574,19.5833,4376156,4376156,0.068749,0.352,19.5857,"Aug 10, 17",-0.044735712473902844
2017-08-11,19.4851,19.7994,18.3851,18.6994,7743137,7743137,-0.8839,-4.514,18.8608,"Aug 11, 17",-0.08785194435230524
2017-08-14,18.5423,18.719,18.4293,18.611,2621501,2621501,-0.088391,-0.473,18.6034,"Aug 14, 17",-0.09216405533550558
2017-08-15,18.3164,18.4735,17.9923,18.0119,3402678,3402678,-0.599086,-3.219,18.1113,"Aug 15, 17",-0.12138787535852952
2017-08-16,18.3262,18.7485,18.0905,18.611,2852815,2852815,0.599086,3.326,18.5065,"Aug 16, 17",-0.09216405533550558
2017-08-17,18.6405,18.6896,18.4342,18.5717,2192529,2192529,-0.039284,-0.211,18.5375,"Aug 17, 17",-0.09408109110066142
2017-08-18,18.7681,18.8762,18.5619,18.5619,3721672,3721672,-0.00982,-0.053,18.6506,"Aug 18, 17",-0.09455913055355007
2017-08-21,18.6601,18.8762,18.5815,18.8762,1904777,1904777,0.314275,1.693,18.7907,"Aug 21, 17",-0.07922772238590459
2017-08-22,18.8271,18.8958,18.503,18.5717,1679031,1679031,-0.304455,-1.613,18.603,"Aug 22, 17",-0.09408109110066142
2017-08-23,18.6112,18.8185,18.6112,18.8185,1515788,1515788,0.24683,1.329,18.7421,"Aug 23, 17",-0.082042301613627
2017-08-24,18.7198,19.0111,18.7099,18.9963,1576493,1576493,0.177719,0.944,18.9136,"Aug 24, 17",-0.07336930011121723
2017-08-25,19.0753,19.4504,19.0225,19.3221,2165396,2165396,0.32582,1.715,19.2809,"Aug 25, 17",-0.057476927279467724
2017-08-28,19.3912,20.0132,19.253,20.0132,3996909,3996909,0.691132,3.577,19.7637,"Aug 28, 17",-0.023765389943610753
2017-08-29,20.2008,20.7043,20.1712,20.3983,4433309,4433309,0.38506,1.924,20.3872,"Aug 29, 17",-0.004980390626524365
2017-08-30,20.2206,20.414,20.2206,20.2798,3148989,3148989,-0.11848,-0.581,20.2837,"Aug 30, 17",-0.010760765643597075
2017-08-31,20.2995,20.5414,20.2304,20.5168,2583417,2583417,0.23696,1.168,20.4115,"Aug 31, 17",0.000799984390548519
2017-09-01,20.6747,20.7537,20.3785,20.6945,2543763,2543763,0.17772,0.866,20.6141,"Sep 1, 17",0.009468107939357397
2017-09-05,20.8722,20.9314,20.3292,20.6747,3606205,3606205,-0.019747,-0.095,20.5983,"Sep 5, 17",0.008502273126378137
2017-09-06,20.5661,20.9314,20.3292,20.3687,2199011,2199011,-0.306073,-1.48,20.5296,"Sep 6, 17",-0.006424264892392275
2017-09-07,20.5464,20.7636,20.4649,20.7438,1750616,1750616,0.375186,1.842,20.6589,"Sep 7, 17",0.011872939064603676
2017-09-08,20.7043,20.7093,20.2403,20.497,2301225,2301225,-0.246833,-1.19,20.3778,"Sep 8, 17",-0.0001658504224307419
2017-09-11,20.2008,20.4871,20.1514,20.26,2592942,2592942,-0.236959,-1.156,20.327,"Sep 11, 17",-0.011726600456576336
2017-09-12,20.1613,20.4871,20.1416,20.418,2118331,2118331,0.157972,0.78,20.3365,"Sep 12, 17",-0.004019433767145998
2017-09-13,20.3588,20.3884,19.6775,19.717,2715721,2715721,-0.701005,-3.433,19.865,"Sep 13, 17",-0.03821388850949251
2017-09-14,19.6479,19.6874,19.4208,19.5887,2129131,2129131,-0.128353,-0.651,19.5592,"Sep 14, 17",-0.04447230297945405
2017-09-15,19.6578,19.6578,19.1936,19.3418,3571860,3571860,-0.246833,-1.26,19.3522,"Sep 15, 17",-0.05651597042008936
2017-09-18,19.0753,19.1444,18.7198,19.0358,3431823,3431823,-0.306073,-1.582,18.9487,"Sep 18, 17",-0.07144250843885977
2017-09-19,19.1542,19.3468,19.0555,19.174,2046950,2046950,0.138227,0.726,19.1956,"Sep 19, 17",-0.06470117656240852
2017-09-20,19.2332,19.4432,18.6408,18.8284,2901607,2901607,-0.345567,-1.802,19.0325,"Sep 20, 17",-0.08155938420713746
2017-09-21,18.5816,19.0105,18.5322,18.8284,2007664,2007664,0,0,18.8025,"Sep 21, 17",-0.08155938420713746
2017-09-22,18.9272,18.9963,18.8482,18.9864,1560555,1560555,0.157973,0.839,18.9172,"Sep 22, 17",-0.07385221751770694
2017-09-25,18.9074,19.1839,18.8383,19.016,2154414,2154414,0.029621,0.156,18.9901,"Sep 25, 17",-0.07240834325183904
2017-09-26,18.8778,19.016,18.8482,18.8679,2037538,2037538,-0.148101,-0.779,18.9,"Sep 26, 17",-0.07963259253477983
2017-09-27,18.7889,18.9469,18.7593,18.8877,2743120,2743120,0.019747,0.105,18.8619,"Sep 27, 17",-0.07866675772180057
2017-09-28,18.8679,19.0753,18.8482,18.9963,1659030,1659030,0.108606,0.575,18.9667,"Sep 28, 17",-0.07336930011121723
2017-09-29,19.0358,19.1493,18.8383,18.8482,2125607,2125607,-0.1481,-0.78,18.9587,"Sep 29, 17",-0.08059354939415819
2017-10-02,18.8087,19.1444,18.7988,19.1049,2274174,2274174,0.256707,1.362,19.0404,"Oct 2, 17",-0.06807184250063406
2017-10-03,19.1444,19.2382,19.0604,19.1937,2265466,2265466,0.088861,0.465,19.1728,"Oct 3, 17",-0.06374021970303015
2017-10-04,19.1839,19.4603,19.1839,19.4307,2250268,2250268,0.236959,1.235,19.3496,"Oct 4, 17",-0.052179469668884385
2017-10-05,19.3517,19.6133,19.3073,19.5097,2707496,2707496,0.078986,0.407,19.4658,"Oct 5, 17",-0.0483258863241693
2017-10-06,19.4406,19.6578,19.0851,19.6578,2193696,2193696,0.1481,0.759,19.4693,"Oct 6, 17",-0.04110163704122834
2017-10-09,19.7466,19.7861,19.5294,19.7763,1168333,1168333,0.11848,0.603,19.711,"Oct 9, 17",-0.03532126202415563
2017-10-10,19.8552,20.0231,19.7368,19.8158,3098410,3098410,0.039494,0.2,19.8615,"Oct 10, 17",-0.033394470351797996
2017-10-11,19.8947,20.0182,19.4899,19.8651,2013832,2013832,0.049366,0.249,19.763,"Oct 11, 17",-0.030989639226551548
2017-10-12,19.8651,20.0922,19.6741,19.9836,1645473,1645473,0.11848,0.596,19.9523,"Oct 12, 17",-0.025209264209478836
2017-10-13,20.0922,20.1909,19.8919,20.0626,1861396,1861396,0.078986,0.395,20.0442,"Oct 13, 17",-0.021355680864763582
2017-10-16,20.0922,20.1218,19.6578,19.7466,1658479,1658479,-0.315947,-1.575,19.8579,"Oct 16, 17",-0.03677001424362443
2017-10-17,19.5985,19.7022,19.4998,19.638,1413003,1413003,-0.108606,-0.55,19.6174,"Oct 17, 17",-0.042067471854207596
2017-10-18,19.5689,19.8158,19.559,19.7466,1659283,1659283,0.108606,0.553,19.7106,"Oct 18, 17",-0.03677001424362443
2017-10-19,19.9046,20.418,19.8849,20.3884,2850098,2850098,0.641767,3.25,20.2862,"Oct 19, 17",-0.0054633080330139085
2017-10-20,20.26,20.655,20.2206,20.6451,2526116,2526116,0.256707,1.259,20.5105,"Oct 20, 17",0.0070583988605100526
2017-10-23,20.3983,20.8228,20.26,20.7241,3254006,3254006,0.078985,0.383,20.6656,"Oct 23, 17",0.010911982205225308
2017-10-24,20.6352,20.6846,20.3045,20.339,4080018,4080018,-0.385059,-1.858,20.4407,"Oct 24, 17",-0.007873017111861254
2017-10-25,20.3489,20.4871,20.0626,20.3588,2469452,2469452,0.019746,0.097,20.2257,"Oct 25, 17",-0.0069071822988819925
2017-10-26,20.2798,20.4575,20.0626,20.1021,2670093,2670093,-0.256706,-1.261,20.2054,"Oct 26, 17",-0.019428889192405954
2017-10-27,19.9935,20.497,19.9046,20.4279,2564794,2564794,0.325819,1.621,20.3078,"Oct 27, 17",-0.0035365163606562804
2017-10-30,20.3193,21.0499,20.3193,20.9413,3139711,3139711,0.513413,2.513,20.8608,"Oct 30, 17",0.02150689742639164
2017-10-31,20.7438,20.8722,20.3933,20.4773,1733995,1733995,-0.464046,-2.216,20.5117,"Oct 31, 17",-0.0011268072818091089
2017-11-01,20.6747,20.8327,20.4279,20.4674,2441151,2441151,-0.009873,-0.048,20.6067,"Nov 1, 17",-0.0016097246882986528
2017-11-02,20.6056,20.7142,20.3687,20.418,1898308,1898308,-0.049367,-0.241,20.4816,"Nov 2, 17",-0.004019433767145998
2017-11-03,20.4575,20.497,19.8849,20.2107,2038563,2038563,-0.207339,-1.015,20.1144,"Nov 3, 17",-0.014131431581822788
2017-11-06,20.3588,20.8278,20.2304,20.7438,2292518,2292518,0.533159,2.638,20.6452,"Nov 6, 17",0.011872939064603676
2017-11-07,20.6254,20.9512,20.5079,20.8919,2197330,2197330,0.148099,0.714,20.7946,"Nov 7, 17",0.01909718834754447
2017-11-08,21.0697,21.198,20.813,20.8919,1838614,1838614,0,0,20.9961,"Nov 8, 17",0.01909718834754447
2017-11-09,20.8327,20.8821,20.5168,20.6451,2457655,2457655,-0.246831,-1.181,20.6365,"Nov 9, 17",0.0070583988605100526
2017-11-10,20.4871,20.8524,19.6183,19.8849,3993070,3993070,-0.760246,-3.682,19.9692,"Nov 10, 17",-0.03002380441357246
2017-11-13,19.954,20.1613,19.8651,19.954,2792364,2792364,0.069112,0.348,19.9833,"Nov 13, 17",-0.026653138475346748
2017-11-14,19.8256,20.3884,19.7664,20.2502,3235402,3235402,0.2962,1.484,20.2025,"Nov 14, 17",-0.01220463990946516
2017-11-15,21.2229,21.3125,21.0834,21.2627,1063121,1063121,1.0125,5,21.2276,"Nov 15, 17",0.037184640299701456
2017-11-16,20.3292,20.3588,20.2008,20.2995,1632574,1632574,-0.963158,-4.53,20.2719,"Nov 16, 17",-0.009799808784218881
2017-11-17,20.3983,20.8969,20.334,20.655,4078092,4078092,0.35544,1.751,20.6535,"Nov 17, 17",0.00754131626699977
2017-11-20,20.576,20.6352,20.1712,20.2107,1883275,1883275,-0.444299,-2.151,20.3152,"Nov 20, 17",-0.014131431581822788
2017-11-21,20.2798,20.7981,20.2107,20.6747,2319151,2319151,0.464046,2.296,20.6034,"Nov 21, 17",0.008502273126378137
2017-11-22,20.8327,21.1103,20.7735,21.0697,2289422,2289422,0.394932,1.91,21.0092,"Nov 22, 17",0.027770189849954243
2017-11-24,21.2184,21.3969,21.03,21.0597,1224828,1224828,-0.009924,-0.047,21.1862,"Nov 24, 17",0.02728239448986363
2017-11-27,21.258,21.3274,20.8218,21.0002,1828429,1828429,-0.059491,-0.282,20.9955,"Nov 27, 17",0.024380012097324953
2017-11-28,21.03,21.1539,20.8218,20.8614,1909641,1909641,-0.138812,-0.661,20.9436,"Nov 28, 17",0.01760941249926834
2017-11-29,20.683,20.7325,20.2963,20.4747,2147360,2147360,-0.386689,-1.854,20.4475,"Nov 29, 17",-0.001253634075432699
2017-11-30,20.2764,20.8218,20.2764,20.7028,2665118,2665118,0.228048,1.114,20.6498,"Nov 30, 17",0.009872978088232464
2017-12-01,20.5739,20.9804,20.445,20.8019,2608731,2608731,0.099151,0.479,20.7184,"Dec 1, 17",0.014707030106729663
2017-12-04,20.5937,20.8515,20.4053,20.7821,2374263,2374263,-0.01983,-0.095,20.6837,"Dec 4, 17",0.013741195293750402
2017-12-05,20.6036,20.8813,20.4747,20.7722,2267352,2267352,-0.009915,-0.048,20.7463,"Dec 5, 17",0.013258277887260857
2017-12-06,20.6631,20.8813,20.5144,20.7028,2706117,2706117,-0.069406,-0.334,20.7056,"Dec 6, 17",0.009872978088232464
2017-12-07,20.4847,21.0895,20.4252,20.7226,3565573,3565573,0.01983,0.096,20.8216,"Dec 7, 17",0.010838812901211725
2017-12-08,20.792,21.0498,20.5739,20.8119,1645636,1645636,0.089236,0.431,20.7941,"Dec 8, 17",0.015194825466820274
2017-12-11,20.7226,21.4762,20.7226,21.0697,2538182,2538182,0.257793,1.239,21.1235,"Dec 11, 17",0.027770189849954243
2017-12-12,21.1093,21.1093,20.5293,20.7028,1787013,1787013,-0.366859,-1.741,20.6889,"Dec 12, 17",0.009872978088232464
2017-12-13,20.6929,21.5158,20.6433,21.4266,2941897,2941897,0.723804,3.496,21.2131,"Dec 13, 17",0.04517960625158541
2017-12-14,21.1589,21.4563,21.0102,21.3076,1961679,1961679,-0.118982,-0.555,21.2724,"Dec 14, 17",0.039374841466508055
2017-12-15,21.496,21.6447,21.3027,21.3671,4579610,4579610,0.059491,0.279,21.4033,"Dec 15, 17",0.04227722385904673
2017-12-18,21.5257,21.6943,21.4464,21.5753,1598036,1598036,0.208218,0.974,21.5574,"Dec 18, 17",0.052433123256131565
2017-12-19,21.377,21.7637,21.3473,21.6249,1490405,1490405,0.049576,0.23,21.5987,"Dec 19, 17",0.0548525882421807
2017-12-20,21.7538,22.0215,21.6348,21.9025,1727276,1727276,0.277624,1.284,21.8628,"Dec 20, 17",0.06839378743829393
2017-12-21,21.9124,21.9918,21.6844,21.8232,1313922,1313922,-0.079321,-0.362,21.8201,"Dec 21, 17",0.064525570232776
2017-12-22,21.7736,21.9025,21.7042,21.843,1147120,1147120,0.01983,0.091,21.8167,"Dec 22, 17",0.06549140504575525
2017-12-26,21.8827,22.1107,21.7936,21.9918,1255911,1255911,0.148726,0.681,21.9813,"Dec 26, 17",0.07274980000390248
2017-12-27,22.0215,22.0711,21.8629,21.9521,1429284,1429284,-0.03966,-0.18,21.9664,"Dec 27, 17",0.07081325242434307
2017-12-28,22.0116,22.0959,21.6447,21.9422,1564294,1564294,-0.009915,-0.045,21.9233,"Dec 28, 17",0.07033033501785334
2017-12-29,22.0711,22.0909,21.5753,21.9422,1975224,1975224,0,0,21.919,"Dec 29, 17",0.07033033501785334
2018-01-02,22.0413,22.3289,21.9422,22.1107,1918509,1918509,0.168557,0.768,22.1028,"Jan 2, 18",0.07854968683537894
2018-01-03,22.1207,22.1702,21.6546,21.962,2899390,2899390,-0.148726,-0.673,21.9243,"Jan 3, 18",0.0712961698308326
2018-01-04,21.9818,22.1207,21.7984,22.0711,2029410,2029410,0.109066,0.497,21.9899,"Jan 4, 18",0.07661801720942041
2018-01-05,22.0314,22.2,21.6348,21.7637,2201174,2201174,-0.307369,-1.393,21.8349,"Jan 5, 18",0.06162318784023731
2018-01-08,21.6447,21.7637,21.258,21.4464,3057977,3057977,-0.317284,-1.458,21.4611,"Jan 8, 18",0.04614544106456467
2018-01-09,21.149,21.1688,20.6929,20.8713,3383038,3383038,-0.575078,-2.681,20.8461,"Jan 9, 18",0.018092329905758056
2018-01-10,20.9705,21.2184,20.8218,20.8614,2506407,2506407,-0.009916,-0.048,20.9062,"Jan 10, 18",0.01760941249926834
2018-01-11,20.9209,21.0201,20.8515,20.9507,1606923,1606923,0.089237,0.428,20.9442,"Jan 11, 18",0.02196542506487689
2018-01-12,21.3869,21.8529,21.1391,21.7141,3321301,3321301,0.763465,3.644,21.6448,"Jan 12, 18",0.05920372285418818
2018-01-16,21.8133,22.1901,21.5456,22.0413,3298513,3298513,0.327199,1.507,22.0326,"Jan 16, 18",0.07516438703635055
2018-01-17,21.9323,22.1306,21.7439,21.7935,1833328,1833328,-0.247878,-1.125,21.9188,"Jan 17, 18",0.06307681801330718
2018-01-18,21.8331,21.9571,21.6546,21.7538,1599120,1599120,-0.03966,-0.182,21.782,"Jan 18, 18",0.0611402704337476
2018-01-19,21.8728,22.1008,21.7835,21.8331,2055976,2055976,0.079321,0.365,21.9238,"Jan 19, 18",0.06500848763926571
2018-01-22,21.8331,21.848,21.4266,21.5158,1873641,1873641,-0.317284,-1.453,21.5597,"Jan 22, 18",0.04953074086359289
2018-01-23,21.3175,21.9124,21.2283,21.8629,2908987,2908987,0.347029,1.613,21.5824,"Jan 23, 18",0.06646211781233541
2018-01-24,22.1801,22.5272,22.0413,22.1306,2871895,2871895,0.267709,1.224,22.272,"Jan 24, 18",0.07952039960195909
2018-01-25,22.2595,22.2991,21.6745,21.8034,2566357,2566357,-0.3272,-1.478,21.9768,"Jan 25, 18",0.06355973541979673
2018-01-26,21.9719,22.0314,21.8133,21.9719,1261611,1261611,0.168557,0.773,21.9482,"Jan 26, 18",0.07177908723732232
2018-01-29,21.8133,21.8926,21.3175,21.3374,2184508,2184508,-0.634568,-2.888,21.4729,"Jan 29, 18",0.04082847163957776
2018-01-30,21.4365,21.5654,21.1985,21.268,1916969,1916969,-0.069406,-0.325,21.3043,"Jan 30, 18",0.03744317184054953
2018-01-31,21.4167,21.5406,21.03,21.4068,2540371,2540371,0.138812,0.653,21.2577,"Jan 31, 18",0.04421377143860615
2018-02-01,21.258,21.6943,21.149,21.4563,2007205,2007205,0.049576,0.232,21.4179,"Feb 1, 18",0.04662835847105421
2018-02-02,21.1589,21.2283,20.8763,20.9507,3415250,3415250,-0.505672,-2.357,21.0183,"Feb 2, 18",0.02196542506487689
2018-02-05,20.9209,21.1688,20.8813,20.8912,3950301,3950301,-0.059491,-0.284,21.006,"Feb 5, 18",0.01906304267233821
2018-02-06,20.7028,20.8019,20.2864,20.326,4463848,4463848,-0.565162,-2.705,20.5421,"Feb 6, 18",-0.008507151079978858
2018-02-07,20.1773,20.3558,18.809,19.6914,4922018,4922018,-0.634569,-3.122,19.8468,"Feb 7, 18",-0.039462644631324144
2018-02-08,19.741,19.9592,19.513,19.6815,7264066,7264066,-0.009915,-0.05,19.6646,"Feb 8, 18",-0.03994556203781387
2018-02-09,19.5824,19.632,18.5115,18.8586,9519306,9519306,-0.822955,-4.181,18.8297,"Feb 9, 18",-0.08008624221966401
2018-02-12,18.9577,19.6022,18.928,19.4931,3489187,3489187,0.634567,3.365,19.2874,"Feb 12, 18",-0.04913562662191961
2018-02-13,19.4931,19.5427,19.1362,19.3048,2206602,2206602,-0.188387,-0.966,19.2514,"Feb 13, 18",-0.05832081325242429
2018-02-14,19.0371,19.8798,18.9776,19.7906,4541694,4541694,0.485842,2.517,19.6774,"Feb 14, 18",-0.034623714659226056
2018-02-15,19.8501,20.0087,19.5774,19.7509,3819678,3819678,-0.039661,-0.2,19.7309,"Feb 15, 18",-0.03656026223878547
2018-02-16,19.622,19.7509,19.2453,19.5229,2353047,2353047,-0.228048,-1.155,19.5408,"Feb 16, 18",-0.04768199644884974
2018-02-20,19.1659,19.5229,19.1213,19.1759,1738095,1738095,-0.347029,-1.778,19.2759,"Feb 20, 18",-0.06460849544399136
2018-02-21,19.3048,19.7311,19.2552,19.2849,1930700,1930700,0.109066,0.569,19.4212,"Feb 21, 18",-0.05929152601900445
2018-02-22,19.3444,19.4882,19.1263,19.1957,1711440,1711440,-0.089236,-0.463,19.2579,"Feb 22, 18",-0.06364266063101211
2018-02-23,19.1858,19.4039,19.0569,19.3841,1420135,1420135,0.188387,0.981,19.2415,"Feb 23, 18",-0.05445259604690635
2018-02-26,19.4931,19.632,19.3147,19.4337,1557926,1557926,0.049576,0.256,19.4474,"Feb 26, 18",-0.05203313106085722
2018-02-27,19.2354,19.2948,18.7198,18.9478,2243789,2243789,-0.485842,-2.5,18.9607,"Feb 27, 18",-0.07573510760765635
2018-02-28,18.8883,19.0866,18.6504,18.9181,2890235,2890235,-0.029745,-0.157,18.8444,"Feb 28, 18",-0.07718385982712533
2018-03-01,18.7991,19.1957,18.581,19.0767,2795804,2795804,0.158642,0.839,18.8725,"Mar 1, 18",-0.06944742541608945
2018-03-02,19.156,19.3543,19.0965,19.156,1673706,1673706,0.079321,0.416,19.2233,"Mar 2, 18",-0.06557920821057152
2018-03-05,19.3345,19.3444,18.9974,19.3048,1813885,1813885,0.148727,0.776,19.2507,"Mar 5, 18",-0.05832081325242429
2018-03-06,19.5526,20.1079,19.4337,19.9492,2671914,2671914,0.644484,3.338,19.9344,"Mar 6, 18",-0.02688728024819018
2018-03-07,19.86,20.0385,19.5824,19.7212,1629008,1629008,-0.228048,-1.143,19.7508,"Mar 7, 18",-0.03800901445825445
2018-03-08,19.6914,19.7014,19.3494,19.4931,2035626,2035626,-0.228049,-1.156,19.4832,"Mar 8, 18",-0.04913562662191961
2018-03-09,19.4733,19.6716,19.4138,19.5526,1343026,1343026,0.059491,0.305,19.5567,"Mar 9, 18",-0.046233244229380764
2018-03-12,19.4931,19.8154,19.4337,19.7609,1609305,1609305,0.208218,1.065,19.6731,"Mar 12, 18",-0.03607246687869503
2018-03-13,19.8798,19.9592,19.6914,19.7113,1609214,1609214,-0.049575,-0.251,19.7717,"Mar 13, 18",-0.03849193186474399
2018-03-14,19.741,19.9096,19.6914,19.7311,1689670,1689670,0.01983,0.101,19.7767,"Mar 14, 18",-0.03752609705176473
2018-03-15,19.6518,19.6617,19.4138,19.4436,1779451,1779451,-0.287539,-1.457,19.5124,"Mar 15, 18",-0.051550213654367676
2018-03-16,19.4733,19.6617,19.3246,19.5526,3495875,3495875,0.109066,0.561,19.5322,"Mar 16, 18",-0.046233244229380764
2018-03-19,19.5229,19.5824,19.3246,19.5626,1985079,1985079,0.009915,0.051,19.4805,"Mar 19, 18",-0.04574544886929032
2018-03-20,19.5031,19.5229,18.9577,19.2155,2735797,2735797,-0.347029,-1.774,19.1352,"Mar 20, 18",-0.06267682581803284
2018-03-21,19.4237,19.7609,19.275,19.6815,3538331,3538331,0.466011,2.425,19.5369,"Mar 21, 18",-0.03994556203781387
2018-03-22,19.6419,20.1178,19.4138,19.979,2995409,2995409,0.297454,1.511,19.8688,"Mar 22, 18",-0.02543365007512048
2018-03-23,20.326,20.5392,20.1277,20.2269,3493819,3493819,0.247879,1.241,20.3092,"Mar 23, 18",-0.013341203098476057
2018-03-26,20.2368,20.3706,20.0881,20.2963,2253763,2253763,0.069405,0.343,20.2525,"Mar 26, 18",-0.009955903299447835
2018-03-27,20.1475,20.3558,20.0087,20.1277,2031797,2031797,-0.168557,-0.83,20.1784,"Mar 27, 18",-0.01818013307057415
2018-03-28,19.9592,20.217,19.8104,19.8997,1610996,1610996,-0.228048,-1.133,19.9632,"Mar 28, 18",-0.029301867280638418
2018-03-29,19.9294,20.2269,19.86,20.1971,1605387,1605387,0.297454,1.495,20.1075,"Mar 29, 18",-0.014794833271545928
2018-04-02,20.3161,20.6582,20.2764,20.3558,1571326,1571326,0.158643,0.785,20.4711,"Apr 2, 18",-0.007053520906909159
2018-04-03,20.3161,20.4946,20.1376,20.4549,1876886,1876886,0.09915,0.487,20.3821,"Apr 3, 18",-0.00221946888841196
2018-04-04,20.5937,20.6532,20.196,20.207,1648673,1648673,-0.247878,-1.212,20.334,"Apr 4, 18",-0.01431191586505621
2018-04-05,20.0178,20.4162,20.0079,20.3465,2170046,2170046,0.139426,0.69,20.3157,"Apr 5, 18",-0.007507170591793339
2018-04-06,20.466,20.5954,20.3763,20.5158,1238509,1238509,0.169305,0.832,20.5034,"Apr 6, 18",0.0007512048545394059
2018-04-09,20.5257,20.6452,20.2668,20.5058,2382021,2382021,-0.00996,-0.049,20.494,"Apr 9, 18",0.00026340949444896814
2018-04-10,20.705,20.7996,20.5456,20.705,2043145,2043145,0.199183,0.971,20.7024,"Apr 10, 18",0.009980293067452305
2018-04-11,20.8245,21.3125,20.8145,21.0635,2637032,2637032,0.358528,1.732,21.1397,"Apr 11, 18",0.02746775672669812
2018-04-12,20.9141,21.1382,20.7845,20.9739,1514087,1514087,-0.089632,-0.426,20.9733,"Apr 12, 18",0.02309711030028689
2018-04-13,21.1631,21.3125,21.0934,21.1532,1169365,1169365,0.179264,0.855,21.1998,"Apr 13, 18",0.03184328110671007
2018-04-16,21.1631,21.4021,21.0536,21.2328,1215501,1215501,0.079673,0.377,21.1879,"Apr 16, 18",0.03572613217303087
2018-04-17,21.2229,21.5117,21.1133,21.4121,1199721,1199721,0.179264,0.844,21.3915,"Apr 17, 18",0.04447230297945405
2018-04-18,21.6013,21.8403,21.5117,21.6113,1891373,1891373,0.199182,0.93,21.6732,"Apr 18, 18",0.05418918655245756
2018-04-19,21.7706,21.7706,21.4022,21.6013,1599676,1599676,-0.009959,-0.046,21.57,"Apr 19, 18",0.05370139119236695
2018-04-20,21.4619,21.5416,21.1133,21.2229,1845112,1845112,-0.378447,-1.752,21.2472,"Apr 20, 18",0.03524321476654115
2018-04-23,21.0137,21.2129,20.8843,20.954,1710280,1710280,-0.268896,-1.267,21.0555,"Apr 23, 18",0.022126397533706738
2018-04-24,20.934,21.0785,20.8942,20.944,1531145,1531145,-0.009959,-0.048,20.957,"Apr 24, 18",0.021638602173616125
2018-04-25,20.7847,21.1133,20.695,20.9639,1191679,1191679,0.019919,0.095,20.9663,"Apr 25, 18",0.02260931494019628
2018-04-26,21.0536,21.2229,20.8743,21.1631,1035805,1035805,0.199182,0.95,21.1151,"Apr 26, 18",0.03232619851319979
2018-04-27,21.2229,21.3125,21.0834,21.2627,1063121,1063121,0.099591,0.471,21.2276,"Apr 27, 18",0.037184640299701456
2018-04-30,21.1332,21.1432,20.6652,20.705,1821619,1821619,-0.55771,-2.623,20.8415,"Apr 30, 18",0.009980293067452305
2018-05-01,20.5954,20.8693,20.5257,20.8145,1262736,1262736,0.10955,0.529,20.7663,"May 1, 18",0.01532165226044369
2018-05-02,20.9042,21.2826,20.8046,20.8743,1586957,1586957,0.059755,0.287,20.9661,"May 2, 18",0.018238668513785222
2018-05-03,21.1034,21.3225,21.0934,21.1532,1362776,1362776,0.278855,1.336,21.1974,"May 3, 18",0.03184328110671007
2018-05-04,21.0436,21.2876,21.0287,21.2328,1009333,1009333,0.079673,0.377,21.1921,"May 4, 18",0.03572613217303087
2018-05-07,21.2129,21.3324,21.1283,21.2229,769884,769884,-0.00996,-0.047,21.2287,"May 7, 18",0.03524321476654115
2018-05-08,21.193,21.432,21.0635,21.3523,1339532,1339532,0.129469,0.61,21.259,"May 8, 18",0.04155528672611269
2018-05-09,21.3125,21.5017,21.2428,21.432,1084970,1084970,0.079673,0.373,21.4171,"May 9, 18",0.0454430157460342
2018-05-10,21.6611,21.8105,21.5814,21.6909,1548696,1548696,0.258937,1.208,21.6931,"May 10, 18",0.05807203761877818
2018-05-11,21.5814,21.9001,21.422,21.7706,1630204,1630204,0.079672,0.367,21.7424,"May 11, 18",0.06195976663869986
2018-05-14,21.8901,21.9499,21.5963,21.7308,1271270,1271270,-0.039836,-0.183,21.7989,"May 14, 18",0.060018341105539386
2018-05-15,21.4121,21.4619,21.2328,21.3125,1523666,1523666,-0.418283,-1.925,21.3101,"May 15, 18",0.039613861192952377
2018-05-16,21.3125,21.432,21.2527,21.3822,1162009,1162009,0.069714,0.327,21.3474,"May 16, 18",0.043013794852783456
2018-05-17,21.4021,21.5167,21.3623,21.5117,1300176,1300176,0.129469,0.605,21.4559,"May 17, 18",0.04933074476595589
2018-05-18,21.422,21.671,21.2627,21.5714,1131851,1131851,0.059754,0.278,21.5296,"May 18, 18",0.052242883065696355
2018-05-21,21.6511,21.7009,21.4519,21.6411,971370,971370,0.069714,0.323,21.5999,"May 21, 18",0.05564281672552743
2018-05-22,21.7208,21.9598,21.6312,21.6611,1231386,1231386,0.019918,0.092,21.7753,"May 22, 18",0.05661840744570848
2018-05-23,21.4619,21.9798,21.4619,21.92,1104365,1104365,0.258937,1.195,21.8397,"May 23, 18",0.06924742931845246
2018-05-24,22.07,22.13,21.93,22.04,1326563,1326563,0.119999,0.547,22.04,"May 24, 18",0.07510097363953874
2018-05-25,21.94,22.09,21.81,21.88,1370995,1370995,-0.16,-0.726,21.942,"May 25, 18",0.06729624787809019
2018-05-29,21.48,21.835,21.3815,21.54,1447322,1447322,-0.34,-1.554,21.607,"May 29, 18",0.050711205635012004
2018-05-30,21.6,21.975,21.51,21.87,964243,964243,0.33,1.532,21.8626,"May 30, 18",0.06680845251799974
2018-05-31,21.92,21.96,21.76,21.86,1310812,1310812,-0.01,-0.046,21.8678,"May 31, 18",0.06632065715790914
2018-06-01,21.82,22.1,21.6162,21.91,1740041,1740041,0.05,0.229,21.9384,"Jun 1, 18",0.06875963395836185
2018-06-04,21.99,22.04,21.66,21.68,1037258,1037258,-0.23,-1.05,21.7719,"Jun 4, 18",0.05754034067627952
2018-06-05,21.7,22.097,21.68,21.98,2420431,2420431,0.3,1.384,21.9895,"Jun 5, 18",0.0721742014789956
2018-06-06,22.11,22.25,22.03,22.23,2318177,2318177,0.25,1.137,22.1769,"Jun 6, 18",0.08436908548125897
2018-06-07,22.25,22.25,21.93,22.03,1315326,1315326,-0.2,-0.9,22.0693,"Jun 7, 18",0.07461317827944831
2018-06-08,22.05,22.195,21.96,22.17,956424,956424,0.14,0.635,22.1335,"Jun 8, 18",0.08144231332071583
2018-06-11,22.15,22.3285,22.1,22.13,1659299,1659299,-0.04,-0.18,22.1925,"Jun 11, 18",0.07949113188035356
2018-06-12,22.11,22.28,21.94,22.17,1189804,1189804,0.04,0.181,22.1785,"Jun 12, 18",0.08144231332071583
2018-06-13,22.17,22.34,22.06,22.17,1715453,1715453,0,0,22.1889,"Jun 13, 18",0.08144231332071583
2018-06-14,22.26,22.31,22.17,22.27,1593456,1593456,0.1,0.451,22.247,"Jun 14, 18",0.08632026692162106
2018-06-15,22.08,22.28,21.99,22.15,2597200,2597200,-0.12,-0.539,22.1645,"Jun 15, 18",0.0804667226005346
2018-06-18,22.05,22.24,22.02,22.2,1945899,1945899,0.05,0.226,22.1648,"Jun 18, 18",0.08290569940098731
2018-06-19,21.95,22.14,21.78,21.98,1235592,1235592,-0.22,-0.991,21.9878,"Jun 19, 18",0.0721742014789956
2018-06-20,22.03,22.03,21.78,21.84,949247,949247,-0.14,-0.637,21.8986,"Jun 20, 18",0.06534506643772808
2018-06-21,21.8,21.86,21.38,21.42,1622238,1622238,-0.42,-1.923,21.5805,"Jun 21, 18",0.04485766131392571
2018-06-22,21.48,21.72,21.43,21.69,1309692,1309692,0.27,1.261,21.5976,"Jun 22, 18",0.05802813603637013
2018-06-25,21.54,21.7,21.37,21.42,1452073,1452073,-0.27,-1.245,21.4747,"Jun 25, 18",0.04485766131392571
2018-06-26,21.32,21.83,21.3001,21.68,1153006,1153006,0.26,1.214,21.6713,"Jun 26, 18",0.05754034067627952
2018-06-27,21.57,21.87,21.57,21.7,1326349,1326349,0.02,0.092,21.7414,"Jun 27, 18",0.05851593139646057
2018-06-28,21.66,21.725,21.585,21.66,1154002,1154002,-0.04,-0.184,21.6569,"Jun 28, 18",0.056564749956098476
2018-06-29,21.67,22.18,21.67,22.06,1550743,1550743,0.4,1.847,22.0466,"Jun 29, 18",0.0760765643597198
2018-07-02,21.98,22.145,21.86,21.93,1349573,1349573,-0.13,-0.589,21.9731,"Jul 2, 18",0.06973522467854289
2018-07-03,22.18,22.66,22.11,22.46,1485659,1485659,0.53,2.417,22.4598,Jul 3,0.0955883787633413
2018-07-05,22.58,22.62,22.47,22.59,1322293,1322293,0.13,0.579,22.5564,Jul 5,0.1019297184445182
2018-07-06,22.51,22.86,22.51,22.68,1828674,1828674,0.09,0.398,22.7287,Jul 6,0.106319876685333
2018-07-09,22.81,22.865,22.36,22.39,1416399,1416399,-0.29,-1.279,22.491,Jul 9,0.09217381124270754
2018-07-10,22.28,22.49,22.22,22.46,905760,905760,0.07,0.313,22.4136,Jul 10,0.0955883787633413
2018-07-11,22.24,22.35,21.92,21.98,1491386,1491386,-0.48,-2.137,22.0442,Jul 11,0.0721742014789956
2018-07-12,22.08,22.31,22.035,22.14,1145827,1145827,0.16,0.728,22.1813,Jul 12,0.07997892724044417
2018-07-13,22.04,22.1101,21.91,22,1218029,1218029,-0.14,-0.632,22.0096,Jul 13,0.07314979219917665
2018-07-16,21.95,22.19,21.86,22.06,1500926,1500926,0.06,0.273,22.0563,Jul 16,0.0760765643597198
2018-07-17,21.87,22.07,21.765,21.89,1941385,1941385,-0.17,-0.771,21.8924,Jul 17,0.0677840432381808
2018-07-18,21.77,21.845,21.67,21.77,2012796,2012796,-0.12,-0.548,21.7729,Jul 18,0.06193049891709433
2018-07-19,21.24,21.67,21.175,21.25,2324016,2324016,-0.52,-2.389,21.3421,Jul 19,0.03656514019238654
2018-07-20,21.42,21.47,21.205,21.31,1641837,1641837,0.06,0.282,21.3075,Jul 20,0.03949191235292968
2018-07-23,21.31,21.31,20.95,21.03,1610680,1610680,-0.28,-1.314,21.0765,Jul 23,0.025833642270394825
2018-07-24,21.16,21.31,21.07,21.21,1973595,1973595,0.18,0.856,21.2041,Jul 24,0.034613958752024436
2018-07-25,21.26,21.5,21.185,21.49,1128345,1128345,0.28,1.32,21.3816,Jul 25,0.0482722288345593
2018-07-26,21.35,21.35,21.17,21.18,1889394,1889394,-0.31,-1.443,21.2231,Jul 26,0.03315057267175278
2018-07-27,21.17,21.19,20.87,20.94,1385790,1385790,-0.24,-1.133,21.0079,Jul 27,0.021443484029580018
2018-07-30,20.92,20.97,20.6943,20.74,1319548,1319548,-0.2,-0.955,20.7899,Jul 30,0.011687576827769185
2018-07-31,20.74,21.055,20.71,20.95,1176789,1176789,0.21,1.013,20.9457,Jul 31,0.021931279389670457
2018-08-01,20.88,20.985,20.76,20.82,1043143,1043143,-0.13,-0.621,20.8306,Aug 1,0.015589939708493553
2018-08-02,20.74,21.105,20.69,20.94,1577768,1577768,0.12,0.576,20.9484,Aug 2,0.021443484029580018